minGap,accel,decel,emergencyDecel,tau,delta,density,sampledSeconds,waitingTime,occupancy,timeLoss,speed,entered,flow,collisions,fitness
3.5,4.83,10.13,9.0,1.64,2.86,4.51,576.78,149.33,1.02,313.03,10.35,64.47,50.63,0.0,0.03
3.13,4.17,11.86,9.0,0.78,4.69,4.59,456.93,102.05,0.81,189.16,11.04,65.6,52.81,2.0,4.0
1.54,5.5,11.15,9.0,1.44,5.36,4.47,495.15,120.22,0.9,232.59,10.84,64.24,52.83,0.0,-0.69
3.3,2.55,9.67,9.0,1.48,4.34,4.84,636.55,203.41,1.07,374.06,10.12,64.67,48.9,0.0,0.86
4.66,5.01,4.79,9.0,1.19,7.31,4.33,509.0,125.1,0.9,242.46,10.83,65.27,52.47,0.0,-0.73
4.93,5.07,6.8,9.0,0.54,3.85,4.38,453.46,107.66,0.81,184.09,11.17,65.91,53.27,36.0,4.0
3.83,3.94,5.85,9.0,1.02,4.98,4.33,489.53,115.03,0.86,223.23,10.78,65.17,52.09,0.0,-0.69
2.85,1.48,10.21,9.0,1.93,6.17,5.59,896.4,354.02,1.27,631.56,9.35,65.89,44.36,0.0,3.08
2.28,2.56,13.86,9.0,1.44,4.23,4.82,584.15,161.2,1.01,320.04,10.28,65.01,49.69,0.0,0.47
4.26,2.99,12.63,9.0,1.74,7.76,4.33,514.47,113.09,0.92,255.09,10.38,63.55,50.99,0.0,-0.32
4.66,2.67,14.52,9.0,1.55,7.31,4.83,698.11,248.99,1.06,424.78,10.32,67.94,48.19,0.0,1.0
4.1,5.01,4.79,9.0,1.19,7.31,4.27,472.65,98.26,0.84,207.2,10.9,64.95,53.13,0.0,-1.01
2.5,4.14,8.99,9.0,1.08,7.31,4.72,581.99,181.33,1.05,312.46,10.87,66.43,51.91,0.0,-0.15
4.66,5.01,4.79,9.0,1.19,7.31,4.33,509.0,125.1,0.9,242.46,10.83,65.27,52.47,0.0,-0.73
4.66,5.01,5.61,9.0,1.19,7.31,4.47,541.2,149.54,0.96,272.2,10.82,65.92,52.15,0.0,-0.48
4.64,4.66,9.82,9.0,1.43,7.31,4.76,639.48,209.14,1.06,368.7,10.66,67.17,50.3,0.0,0.32
1.57,2.42,12.94,9.0,1.89,5.4,4.61,551.75,127.76,0.99,296.86,10.06,62.37,49.5,0.0,0.33
4.66,5.01,4.79,9.0,1.32,5.67,4.16,462.66,90.1,0.83,201.89,10.73,63.8,52.33,0.0,-0.93
3.07,5.01,4.79,9.0,1.19,2.31,4.42,521.65,129.84,0.92,260.34,10.47,63.84,51.25,0.0,-0.27
4.1,4.98,4.79,9.0,1.19,7.72,4.56,479.81,106.77,0.87,218.36,10.84,63.87,53.03,0.0,-0.7
1.83,5.01,4.79,9.0,1.94,7.31,4.18,516.72,113.64,0.92,256.79,10.38,63.42,50.75,0.0,-0.41
4.1,5.01,4.79,9.0,1.62,7.31,4.47,477.88,90.72,0.86,217.82,10.58,63.51,51.91,0.0,-0.54
4.1,2.32,4.79,9.0,1.97,7.13,4.98,724.6,234.09,1.11,459.35,9.68,65.79,46.03,0.0,1.71
4.1,5.01,4.0,9.0,1.35,6.44,4.26,481.73,98.64,0.87,218.56,10.69,64.22,52.43,0.0,-0.8
4.1,4.19,8.5,9.0,1.19,5.53,4.17,450.87,86.01,0.81,187.09,10.92,64.45,53.17,0.0,-1.15
4.1,5.01,4.79,9.0,1.13,7.74,4.26,511.57,128.69,0.91,244.42,10.87,65.41,52.68,0.0,-0.82
2.88,2.94,13.91,9.0,0.52,7.48,4.31,450.43,106.94,0.8,184.19,11.05,65.09,52.85,78.0,4.0
4.63,5.39,6.24,9.0,1.19,6.2,4.46,474.22,101.79,0.85,208.94,10.92,64.82,53.21,0.0,-0.87
2.14,5.09,4.79,9.0,1.07,7.31,4.71,478.15,107.14,0.88,213.5,10.95,64.7,53.3,0.0,-0.68
4.1,2.62,4.79,9.0,1.63,7.31,4.38,533.66,123.35,0.93,277.43,10.14,62.68,49.94,0.0,0.03
4.1,2.73,4.79,9.0,1.19,7.48,4.57,581.8,174.34,1.0,316.33,10.41,65.29,50.04,0.0,0.21
2.44,5.01,6.64,9.0,1.19,2.38,4.74,480.11,101.83,0.88,220.25,10.61,63.45,52.14,0.0,-0.33
4.1,5.01,4.79,9.0,1.19,5.43,4.14,470.4,95.19,0.84,205.32,10.83,64.82,52.7,0.0,-1.03
4.1,2.64,4.79,9.0,1.19,7.31,4.72,642.93,218.83,1.07,374.65,10.37,66.51,49.17,0.0,0.64
3.75,2.95,12.92,9.0,1.19,5.53,4.58,571.7,171.4,1.01,304.94,10.58,65.58,51.07,0.0,-0.02
3.22,4.19,8.5,9.0,1.04,5.53,4.24,468.48,101.55,0.83,202.59,10.98,65.02,52.79,0.0,-1.03
4.1,4.19,8.5,9.0,1.19,5.53,4.17,450.87,86.01,0.81,187.09,10.92,64.45,53.17,0.0,-1.15
4.1,2.91,8.5,9.0,1.77,5.53,4.67,594.63,158.38,1.02,334.13,10.14,63.91,49.39,0.0,0.47
4.1,4.19,14.73,9.0,1.97,6.86,4.49,560.57,126.77,0.98,299.02,10.36,63.96,50.75,0.0,-0.1
4.45,4.19,8.5,9.0,1.19,2.83,4.3,487.58,109.3,0.88,226.59,10.62,63.86,52.23,0.0,-0.66
2.57,4.29,8.5,9.0,0.98,5.53,4.37,478.59,110.59,0.87,212.82,11.03,65.03,53.48,0.0,-1.0
2.11,1.68,8.5,9.0,1.19,3.42,4.73,584.12,167.99,1.0,327.11,9.81,63.05,48.46,0.0,0.87
4.45,4.19,8.5,9.0,1.19,5.53,4.23,490.55,111.99,0.88,224.55,10.83,65.08,52.51,0.0,-0.87
4.1,2.71,8.5,9.0,1.19,3.21,4.86,653.51,231.88,1.09,387.13,10.22,65.74,49.38,0.0,0.87
4.1,4.19,5.91,9.0,0.84,7.49,4.29,472.71,113.51,0.86,207.07,11.05,64.91,53.66,0.0,-1.09
4.1,4.19,12.57,9.0,1.19,5.53,4.45,524.44,140.72,0.94,257.21,10.84,65.43,52.53,0.0,-0.58
3.17,2.37,7.48,9.0,1.37,5.53,4.84,590.24,177.05,1.02,333.43,10.19,62.91,50.04,0.0,0.57
3.39,4.19,4.92,9.0,0.9,5.53,4.64,507.75,133.96,0.9,240.16,10.84,65.43,52.05,0.0,-0.41
4.1,4.43,8.77,9.0,1.19,6.59,4.39,524.42,134.94,0.93,256.3,10.89,65.65,52.69,0.0,-0.71
4.1,4.19,8.5,9.0,1.19,5.69,4.23,472.7,99.05,0.84,205.35,10.9,65.47,52.68,0.0,-0.98
4.1,4.19,5.42,9.0,0.9,4.24,4.3,495.11,123.91,0.88,229.44,10.84,64.99,52.66,0.0,-0.79
3.94,3.54,4.92,9.0,1.16,5.53,4.54,583.63,175.77,1.0,316.06,10.56,65.86,50.37,0.0,0.06
4.63,4.19,7.53,9.0,1.84,5.53,4.37,531.55,114.71,0.92,270.67,10.32,63.73,50.46,0.0,-0.19
2.91,4.19,4.92,9.0,0.9,5.53,4.25,455.11,94.57,0.82,190.84,10.93,64.64,53.25,0.0,-1.07
3.39,4.19,4.92,9.0,1.22,7.06,4.6,568.36,166.2,1.01,301.64,10.64,65.44,51.39,0.0,-0.1
4.63,2.76,4.92,9.0,0.79,7.39,4.47,520.19,156.26,0.94,258.23,10.68,64.19,52.18,0.0,-0.36
3.39,4.19,11.16,9.0,0.9,5.53,4.29,480.01,118.02,0.86,213.78,11.04,65.06,52.93,0.0,-0.97
4.16,4.19,4.92,9.0,1.59,5.53,4.31,532.46,124.58,0.93,270.99,10.42,63.79,51.04,0.0,-0.32
4.63,2.76,14.69,9.0,0.79,7.39,5.05,575.08,201.49,1.02,306.1,10.79,66.11,51.88,0.0,0.24
2.37,2.76,9.79,9.0,0.79,7.39,4.45,483.69,122.26,0.88,220.45,10.84,64.52,52.15,6.0,4.0
4.63,2.76,4.92,9.0,0.79,7.01,4.44,520.66,154.05,0.93,257.33,10.65,64.6,51.49,1.0,4.0
4.35,5.41,12.38,9.0,1.36,7.39,4.55,504.16,117.7,0.9,235.63,10.9,65.71,52.72,0.0,-0.66
1.51,5.31,4.92,9.0,1.58,3.16,4.25,510.38,125.71,0.91,251.98,10.34,62.91,50.86,0.0,-0.29
4.63,2.76,4.92,9.0,1.59,7.39,4.84,576.87,158.74,1.01,320.54,10.15,62.73,49.89,0.0,0.53
1.64,3.18,8.75,9.0,1.58,5.53,4.36,471.18,88.65,0.87,214.75,10.46,62.68,51.71,0.0,-0.54
1.86,2.76,8.75,9.0,0.79,5.96,4.44,523.17,151.52,0.95,259.96,10.74,64.43,52.39,31.0,4.0
4.79,4.19,12.53,9.0,0.61,5.53,4.27,474.74,129.96,0.86,207.53,11.13,65.4,53.41,24.0,4.0
4.1,4.19,8.5,9.0,1.19,2.07,4.54,546.17,146.55,0.97,283.39,10.46,64.3,51.4,0.0,-0.12
1.92,5.2,10.54,9.0,0.79,7.39,4.66,446.38,93.48,0.79,178.04,11.22,65.59,53.41,9.0,4.0
4.37,3.75,6.68,9.0,0.86,5.53,4.47,551.2,175.2,0.97,282.74,10.86,65.72,52.36,0.0,-0.42
3.96,2.76,4.92,9.0,1.74,5.05,4.82,651.01,192.38,1.04,388.76,9.96,64.43,48.44,0.0,0.95
4.33,4.19,8.5,9.0,1.04,6.61,5.46,848.73,426.01,1.38,573.52,10.44,68.47,49.36,0.0,2.01
4.1,4.19,8.63,9.0,0.85,5.53,4.21,466.74,109.64,0.84,201.34,11.02,64.87,53.35,0.0,-1.11
1.73,2.1,8.71,9.0,1.19,7.66,5.41,655.01,224.09,1.13,387.71,10.3,66.16,49.07,0.0,1.25
3.7,4.19,6.44,9.0,1.51,7.32,4.56,570.29,153.99,1.02,306.23,10.54,64.65,51.14,0.0,-0.09
4.33,4.19,8.5,9.0,1.04,3.88,4.49,567.05,173.08,0.98,296.99,10.76,66.33,51.63,0.0,-0.26
4.33,4.19,8.5,9.0,1.04,6.61,5.46,848.73,426.01,1.38,573.52,10.44,68.47,49.36,0.0,2.01
4.22,2.67,8.5,9.0,1.13,4.04,4.66,623.71,211.22,1.01,354.93,10.35,66.7,48.57,0.0,0.65
4.86,4.19,8.5,9.0,0.92,3.22,4.3,500.17,131.1,0.9,235.02,10.81,64.86,52.42,0.0,-0.71
2.66,3.4,8.5,9.0,1.04,6.61,4.42,544.78,156.3,0.96,276.94,10.78,65.63,51.68,0.0,-0.41
2.47,4.19,8.5,9.0,1.86,6.61,4.78,570.48,137.29,1.0,306.78,10.33,64.69,50.04,0.0,0.27
3.79,5.47,8.5,9.0,1.23,6.61,4.4,520.36,128.89,0.92,250.21,10.97,66.11,52.75,0.0,-0.78
2.35,4.82,14.38,9.0,1.04,4.22,4.39,481.73,110.15,0.87,215.04,11.02,65.21,53.15,0.0,-0.94
3.9,3.14,13.1,9.0,1.04,6.61,4.41,503.56,129.48,0.88,237.41,10.83,65.26,52.06,0.0,-0.6
2.66,4.52,8.5,9.0,1.04,6.61,4.17,472.72,104.47,0.85,206.06,11.02,65.2,53.02,0.0,-1.12
1.31,2.2,8.5,9.0,0.73,4.66,4.31,446.86,89.4,0.81,188.22,10.55,63.3,51.59,32.0,4.0
2.66,3.4,5.98,9.0,0.9,6.61,4.24,454.66,95.21,0.82,190.4,10.9,64.73,53.21,0.0,-1.05
2.66,2.79,8.5,9.0,1.39,4.41,4.47,525.01,127.69,0.95,267.17,10.36,63.02,50.9,0.0,-0.13
2.66,1.61,3.82,9.0,1.66,6.61,5.44,772.11,277.81,1.19,508.12,9.44,65.6,44.67,0.0,2.56
2.7,3.4,8.26,9.0,1.04,6.61,4.77,509.45,131.34,0.91,244.95,10.82,64.69,52.55,0.0,-0.37
4.27,1.96,6.14,9.0,1.04,6.58,4.55,561.25,167.75,0.94,296.91,10.27,65.39,49.23,0.0,0.35
4.51,3.4,12.12,9.0,1.56,6.27,4.75,697.22,243.25,1.1,423.03,10.41,68.11,48.76,0.0,0.79
4.35,4.5,8.5,9.0,1.04,4.62,4.18,450.81,89.41,0.81,186.11,10.97,64.76,53.19,0.0,-1.17
2.66,3.4,8.5,9.0,1.5,6.61,4.39,524.49,123.12,0.92,259.97,10.54,64.86,50.91,0.0,-0.33
2.58,2.26,8.5,9.0,1.04,6.61,4.78,558.86,163.73,1.02,297.85,10.45,63.95,51.33,0.0,0.15
3.63,3.4,8.5,9.0,1.84,6.61,4.93,561.78,134.57,0.95,299.08,10.26,64.45,49.78,0.0,0.45
2.66,3.4,8.5,9.0,1.33,2.97,4.44,539.13,138.27,0.96,279.57,10.37,63.42,50.68,0.0,-0.09
2.22,3.4,8.5,9.0,1.04,6.05,4.56,474.74,107.74,0.88,213.32,10.84,63.95,53.23,0.0,-0.72
2.22,4.89,7.63,9.0,1.04,4.62,4.18,472.88,104.5,0.86,206.59,11.02,65.05,53.3,0.0,-1.15
3.19,4.79,8.5,9.0,1.04,4.62,4.21,477.13,109.51,0.86,212.48,10.98,64.72,53.59,0.0,-1.11
4.14,4.6,3.95,9.0,1.91,4.62,4.38,560.8,126.18,0.97,301.82,10.12,63.18,49.82,0.0,0.07
1.79,2.62,8.5,9.0,1.04,4.62,4.52,518.14,134.84,0.93,256.36,10.54,64.1,51.24,0.0,-0.22
3.38,5.51,8.5,9.0,1.04,7.82,4.1,461.15,96.94,0.82,192.05,11.13,65.85,53.45,0.0,-1.33
2.26,2.11,6.28,9.0,1.04,7.18,5.04,542.12,149.5,0.96,281.49,10.34,63.86,50.11,0.0,0.51
4.35,4.5,14.27,9.0,1.04,4.62,4.5,549.72,163.16,0.95,280.37,10.88,66.47,51.83,0.0,-0.39
4.35,3.06,8.5,9.0,1.04,3.28,5.01,663.24,258.36,1.15,399.17,10.3,64.97,50.36,0.0,0.93
3.58,5.51,10.56,9.0,1.75,7.8,4.24,510.98,109.5,0.9,246.87,10.65,64.6,51.42,0.0,-0.63
2.52,5.51,13.65,9.0,1.33,6.23,4.38,519.83,126.55,0.93,252.7,10.95,65.34,53.04,0.0,-0.83
3.19,4.01,12.12,9.0,1.04,2.68,4.37,470.31,101.56,0.85,207.25,10.76,64.31,52.65,0.0,-0.77
3.38,5.49,12.08,9.0,1.11,4.62,4.19,484.37,111.58,0.87,217.4,11.02,65.3,53.25,0.0,-1.1
3.26,2.5,11.97,9.0,0.69,7.82,4.71,531.01,171.06,0.98,269.23,10.75,64.04,52.52,25.0,4.0
3.19,5.51,8.5,9.0,1.02,5.46,4.44,513.59,137.69,0.94,246.44,11.01,65.33,53.71,0.0,-0.85
3.19,5.51,7.82,9.0,1.67,2.04,4.5,559.78,139.11,1.0,301.0,10.17,63.07,50.14,0.0,0.15
3.38,4.95,12.65,9.0,1.04,7.82,4.24,462.96,101.88,0.84,196.71,11.1,65.06,53.45,0.0,-1.18
3.38,1.68,8.5,9.0,1.04,7.82,4.72,649.19,234.08,1.02,382.43,10.11,66.48,47.52,0.0,1.06
2.84,2.54,14.52,9.0,1.45,4.07,4.57,531.9,131.34,0.96,274.06,10.28,63.11,50.34,0.0,0.08
3.38,5.62,8.5,9.0,1.04,7.82,4.23,457.64,96.57,0.83,191.12,11.15,65.18,53.7,0.0,-1.27
2.43,3.38,8.5,9.0,1.25,5.87,4.82,546.67,142.99,0.96,278.75,10.64,65.68,51.26,0.0,-0.01
3.38,5.51,4.81,9.0,1.04,7.82,4.06,462.2,93.93,0.81,193.06,11.03,65.8,52.92,0.0,-1.25
4.07,5.51,5.57,9.0,1.17,2.97,4.27,479.2,102.1,0.85,216.6,10.71,64.19,52.37,0.0,-0.78
2.95,2.77,8.5,9.0,1.04,6.65,4.41,486.04,116.55,0.88,225.7,10.69,63.82,52.37,0.0,-0.6
3.38,4.34,9.49,9.0,1.97,2.33,4.65,586.41,143.63,1.0,330.06,9.96,62.24,49.18,0.0,0.53
4.48,5.51,10.92,9.0,1.04,7.82,4.32,499.34,125.8,0.89,228.46,11.07,66.51,53.11,0.0,-0.96
3.38,2.78,8.5,9.0,1.04,7.52,4.9,612.67,208.4,1.09,343.16,10.58,66.68,50.51,0.0,0.45
4.49,5.51,8.5,9.0,1.04,7.82,4.08,456.58,94.66,0.8,187.44,11.12,65.84,52.95,0.0,-1.29
2.3,5.51,11.68,9.0,1.94,7.82,4.33,526.08,115.47,0.93,262.91,10.53,64.26,50.74,0.0,-0.38
3.81,4.83,13.27,9.0,1.45,2.95,4.7,617.4,186.21,1.05,349.08,10.47,66.09,50.28,0.0,0.29
4.82,5.51,8.5,9.0,1.5,7.82,4.17,482.53,99.04,0.86,218.43,10.77,64.67,52.37,0.0,-0.91
2.03,5.51,11.35,9.0,1.04,3.26,4.41,511.37,131.36,0.91,242.98,10.97,65.7,52.96,0.0,-0.79
3.38,2.86,8.5,9.0,0.57,7.82,4.22,452.68,106.68,0.82,188.13,10.96,64.75,52.66,60.0,4.0
3.38,5.51,8.89,9.0,1.04,6.94,4.3,542.23,156.49,0.95,270.62,10.97,67.29,51.52,0.0,-0.6
3.38,3.21,8.5,9.0,1.74,5.41,5.24,649.46,202.69,1.09,386.72,10.14,64.55,49.15,0.0,1.12
3.38,5.51,8.5,9.0,0.68,7.82,4.27,468.51,118.35,0.85,200.26,11.23,65.59,53.95,47.0,4.0
3.38,5.51,8.5,9.0,1.04,3.73,4.63,465.56,100.93,0.83,200.22,10.97,64.91,53.28,0.0,-0.78
3.38,5.51,10.73,9.0,1.04,7.82,4.42,529.69,148.44,0.95,258.56,11.08,66.62,52.98,0.0,-0.78
3.38,5.51,8.5,9.0,1.39,7.82,4.45,570.83,159.46,1.0,301.31,10.81,66.28,51.72,0.0,-0.39
3.38,4.81,5.56,9.0,1.94,7.82,4.04,478.17,82.88,0.86,218.88,10.4,63.25,50.81,0.0,-0.66
3.38,4.08,8.5,9.0,1.41,7.82,4.23,509.79,117.35,0.9,243.17,10.74,65.28,51.69,0.0,-0.69
3.35,4.43,8.89,9.0,1.04,5.28,4.23,510.06,134.91,0.91,244.78,10.95,64.84,53.04,0.0,-0.91
4.86,5.51,6.83,9.0,1.35,6.94,4.31,522.48,124.14,0.91,253.59,10.78,66.04,51.85,0.0,-0.64
2.82,5.51,8.89,9.0,0.63,6.94,4.24,434.65,88.08,0.79,164.85,11.32,65.91,53.86,55.0,4.0
1.89,4.25,12.55,9.0,1.4,6.46,4.45,520.97,127.56,0.94,258.06,10.79,64.23,52.34,0.0,-0.59
3.38,5.76,4.17,9.0,1.04,6.94,4.22,470.9,102.82,0.84,204.43,10.97,65.17,53.06,0.0,-1.06
3.38,5.51,13.97,9.0,1.26,6.94,4.25,460.34,92.68,0.83,194.75,11.05,64.95,53.76,0.0,-1.22
4.83,5.51,8.89,9.0,1.39,7.25,4.31,512.15,119.73,0.89,244.08,10.85,65.61,52.32,0.0,-0.76
3.38,1.94,11.63,9.0,1.94,6.94,4.93,649.05,187.23,1.03,388.69,9.82,64.35,47.14,0.0,1.26
1.53,2.33,8.89,9.0,1.04,2.79,4.86,458.99,88.86,0.84,204.26,10.28,62.17,51.69,0.0,-0.03
3.97,2.83,8.89,9.0,1.04,6.94,4.51,524.85,144.15,0.94,261.28,10.7,64.61,51.71,0.0,-0.34
1.32,5.51,7.1,9.0,0.53,6.94,4.17,414.32,72.9,0.75,147.22,11.39,65.3,54.48,135.0,4.0
3.41,5.51,10.37,9.0,1.04,6.94,5.31,786.58,372.28,1.33,509.83,10.64,68.85,49.32,0.0,1.55
3.38,2.25,8.89,9.0,1.04,2.92,5.18,578.98,184.37,1.0,321.25,10.13,63.14,50.46,0.0,0.85
3.38,5.53,8.89,9.0,1.19,7.18,4.27,497.64,119.68,0.89,231.19,11.04,65.18,53.38,0.0,-1.04
3.38,1.51,8.89,9.0,1.96,3.26,6.19,1679.58,1007.88,1.56,1372.16,8.63,80.58,35.55,0.0,7.75
3.38,5.51,8.89,9.0,1.04,5.28,4.53,477.26,109.94,0.86,210.61,11.04,65.2,53.6,0.0,-0.9
3.38,5.51,8.5,9.0,1.04,6.94,4.24,488.66,117.73,0.87,220.47,11.08,65.57,53.32,0.0,-1.09
3.41,5.51,10.37,9.0,0.77,7.43,4.16,452.08,100.15,0.8,182.65,11.22,65.93,53.42,4.0,4.0
3.38,5.51,8.5,9.0,1.82,7.82,4.32,543.35,127.1,0.97,281.45,10.5,64.01,51.3,0.0,-0.38
3.38,5.51,5.13,9.0,1.73,6.24,4.56,578.49,149.65,1.03,316.01,10.43,64.21,50.81,0.0,-0.0
3.41,5.22,10.37,9.0,0.54,5.18,4.03,432.6,91.5,0.78,164.2,11.33,65.72,53.71,81.0,4.0
4.28,1.78,10.37,9.0,1.08,6.94,4.89,647.46,242.23,1.03,383.86,10.15,65.45,48.22,0.0,1.12
3.41,2.63,10.46,9.0,1.04,2.88,4.86,527.78,144.34,0.91,267.65,10.36,63.72,50.8,0.0,0.25
3.4,5.37,8.79,9.0,1.12,6.94,4.19,485.99,110.65,0.86,217.36,11.04,65.71,53.03,0.0,-1.09
3.29,2.75,8.5,9.0,1.09,3.94,4.56,526.79,142.89,0.95,266.17,10.45,63.82,51.08,0.0,-0.08
1.99,5.51,7.66,9.0,1.04,3.91,4.22,470.71,101.28,0.85,203.36,11.01,65.36,53.44,0.0,-1.14
3.38,3.93,8.5,9.0,1.77,7.55,4.74,653.96,197.57,1.06,384.56,10.37,66.56,48.67,0.0,0.63
4.73,5.46,14.79,9.0,1.04,2.21,4.44,537.09,150.72,0.95,271.16,10.78,65.02,52.66,0.0,-0.53
3.38,5.51,8.5,9.0,0.8,5.24,4.27,448.4,95.98,0.81,180.92,11.17,65.38,53.68,0.0,-1.25
3.38,5.62,14.68,9.0,1.77,6.94,4.21,514.02,109.42,0.9,249.26,10.67,64.79,51.39,0.0,-0.66
2.23,5.51,10.31,9.0,1.04,3.57,4.24,496.62,119.58,0.89,228.28,10.97,65.67,52.79,0.0,-0.95
3.38,3.1,3.93,9.0,0.75,2.73,4.34,451.41,95.0,0.83,195.41,10.49,62.54,52.33,0.0,-0.62
3.38,5.51,9.54,9.0,1.04,3.23,4.29,512.96,133.43,0.91,245.12,10.92,65.47,53.03,0.0,-0.85
3.38,5.51,8.5,9.0,0.76,5.22,4.3,461.46,107.2,0.83,193.7,11.15,65.48,53.49,9.0,4.0
3.38,5.51,5.6,9.0,1.04,7.38,4.55,481.79,113.04,0.86,215.74,11.02,65.01,53.48,0.0,-0.85
4.11,5.51,8.5,9.0,1.79,7.82,4.28,519.59,109.78,0.91,255.41,10.56,64.59,51.36,0.0,-0.53
3.38,1.92,11.28,9.0,1.04,7.82,4.88,514.01,139.22,0.89,255.34,10.38,63.44,51.2,0.0,0.19
3.38,5.51,11.4,9.0,1.04,5.72,4.54,547.32,163.08,0.96,276.78,10.96,66.73,52.26,0.0,-0.46
3.38,4.35,8.5,9.0,0.53,7.82,4.02,418.62,80.74,0.75,150.95,11.3,65.37,53.96,81.0,4.0
2.74,5.51,4.82,9.0,1.04,7.82,4.77,517.6,134.98,0.92,248.32,10.96,65.89,52.71,0.0,-0.46
2.19,4.6,9.88,9.0,1.04,4.34,4.31,460.96,95.16,0.84,196.16,11.0,64.81,53.26,0.0,-1.07
3.38,3.19,9.51,9.0,0.64,6.52,4.19,439.51,94.69,0.79,174.55,11.0,64.74,53.19,34.0,4.0
3.47,4.61,8.5,9.0,1.04,7.82,4.25,487.56,120.51,0.89,223.15,11.02,64.69,53.61,0.0,-1.06
2.57,3.27,8.5,9.0,1.04,7.82,4.41,495.61,120.58,0.9,230.5,10.88,64.92,53.47,0.0,-0.84
3.38,5.51,8.5,9.0,1.04,7.82,4.1,461.15,96.94,0.82,192.05,11.13,65.85,53.45,0.0,-1.33
3.38,5.51,8.5,9.0,0.73,7.82,4.21,468.8,115.17,0.84,199.68,11.25,65.77,53.69,20.0,4.0
3.38,5.51,6.41,9.0,1.04,7.82,4.57,553.45,166.33,1.01,283.2,10.95,66.22,52.54,0.0,-0.46
2.45,3.2,8.5,9.0,1.14,4.63,4.47,507.85,123.9,0.91,245.96,10.64,64.14,51.93,0.0,-0.44
1.6,3.71,12.02,9.0,1.04,7.82,4.36,484.49,112.56,0.88,218.15,11.02,65.13,52.93,0.0,-0.93
3.38,5.51,5.38,9.0,1.04,3.67,4.65,481.83,109.0,0.85,215.86,10.86,65.02,52.71,0.0,-0.6
1.47,3.27,8.5,9.0,1.18,7.82,4.48,506.32,121.62,0.91,242.18,10.73,64.67,51.84,0.0,-0.49
2.95,5.51,13.53,9.0,0.76,5.53,4.34,461.84,109.15,0.83,194.41,11.22,65.4,54.02,10.0,4.0
3.38,4.15,10.04,9.0,1.04,5.7,4.34,510.24,131.64,0.9,241.76,10.94,65.7,52.62,0.0,-0.78
3.38,5.51,8.5,9.0,1.04,5.17,4.05,457.35,91.1,0.8,187.34,11.08,66.1,52.72,0.0,-1.27
3.32,2.0,9.34,9.0,1.59,7.82,5.07,690.39,233.06,1.1,424.0,10.02,66.17,47.59,0.0,1.38
4.14,3.27,8.5,9.0,1.15,7.82,4.59,563.14,167.4,0.97,294.43,10.68,66.3,50.98,0.0,-0.08
3.32,5.11,9.34,9.0,1.59,7.9,4.52,561.14,152.35,1.04,299.37,10.58,64.05,51.86,0.0,-0.24
3.32,1.55,9.34,9.0,1.78,4.04,5.76,1279.93,662.56,1.31,979.79,9.16,77.23,38.17,0.0,5.34
3.32,2.0,9.34,9.0,1.59,7.9,5.28,731.01,270.67,1.16,464.51,9.97,66.22,47.44,0.0,1.74
2.04,4.64,9.42,9.0,1.59,7.82,4.49,522.23,122.22,0.94,260.87,10.64,63.94,51.88,0.0,-0.43
3.32,5.59,11.25,9.0,1.59,7.82,4.4,515.61,117.22,0.93,251.84,10.75,64.59,52.08,0.0,-0.61
1.9,3.26,9.34,9.0,0.87,7.82,4.53,503.18,133.11,0.9,236.42,10.94,65.24,52.61,0.0,-0.63
3.32,2.0,9.34,9.0,1.59,7.82,5.07,690.39,233.06,1.1,424.0,10.02,66.17,47.59,0.0,1.38
1.62,2.0,9.34,9.0,1.59,4.73,4.86,624.12,183.54,1.08,364.82,9.95,63.75,48.32,0.0,0.96
2.55,4.09,7.86,9.0,1.16,7.36,4.26,497.74,115.51,0.88,230.36,10.87,65.37,52.5,0.0,-0.85
2.4,2.0,7.74,9.0,1.32,7.82,4.47,514.13,118.14,0.9,256.21,10.23,63.19,50.08,0.0,0.01
3.32,2.0,9.34,9.0,0.99,3.19,4.76,591.17,191.22,1.01,331.01,10.07,64.04,49.35,0.0,0.72
4.71,2.0,9.89,9.0,1.59,7.82,4.87,654.15,216.39,1.03,389.61,10.02,65.72,47.81,0.0,1.13
4.01,4.45,8.19,9.0,0.69,7.82,4.15,464.35,117.15,0.85,198.59,11.15,64.97,53.89,25.0,4.0
3.36,3.48,8.5,9.0,1.36,7.82,4.42,527.39,133.4,0.95,265.1,10.64,64.18,51.61,0.0,-0.4
3.38,4.95,5.22,9.0,1.63,7.82,4.17,517.58,111.41,0.91,253.26,10.6,64.67,51.6,0.0,-0.66
1.99,5.51,13.52,9.0,1.04,7.82,4.26,500.66,129.51,0.91,233.62,11.14,65.3,53.62,0.0,-1.09
4.71,2.51,7.79,9.0,1.8,7.82,5.01,743.67,267.67,1.13,470.25,10.04,67.83,47.1,0.0,1.52
4.71,2.0,9.88,9.0,1.81,7.82,5.36,770.23,277.34,1.14,497.27,9.87,67.79,46.22,0.0,2.04
4.71,2.74,9.89,9.0,0.86,7.82,4.72,612.0,227.03,1.03,342.27,10.68,66.63,50.46,0.0,0.33
4.71,2.0,7.43,9.0,0.82,7.82,4.67,563.35,187.74,0.97,301.3,10.42,64.52,50.42,20.0,4.0
3.36,3.94,9.89,9.0,1.59,2.63,4.35,530.22,122.83,0.94,272.65,10.25,62.97,50.46,0.0,-0.12
3.62,4.83,9.89,9.0,1.16,7.82,4.25,481.91,109.32,0.88,215.69,11.0,65.14,53.49,0.0,-1.08
3.15,2.0,9.89,9.0,1.59,7.82,5.18,752.42,280.43,1.16,480.9,9.96,67.4,46.72,0.0,1.8
4.71,2.0,9.89,9.0,1.59,7.82,4.87,654.15,216.39,1.03,389.61,10.02,65.72,47.81,0.0,1.13
3.38,5.51,8.5,9.0,1.96,7.82,4.38,566.77,134.44,1.0,303.26,10.43,64.59,50.5,0.0,-0.17
4.64,5.51,8.5,9.0,1.04,2.88,5.89,949.96,524.37,1.48,676.2,10.18,67.99,49.0,0.0,2.95
1.57,4.99,8.5,9.0,1.04,4.53,4.39,490.37,119.51,0.89,224.19,11.0,65.09,53.15,0.0,-0.89
2.34,5.51,8.5,9.0,1.92,7.82,4.1,502.08,101.2,0.88,237.98,10.56,64.48,50.76,0.0,-0.64
1.27,5.51,8.5,9.0,1.01,7.82,4.74,467.31,108.42,0.83,198.24,11.13,65.84,53.23,0.0,-0.76
2.47,5.51,13.87,9.0,1.7,4.63,4.37,533.92,117.45,0.95,270.67,10.58,64.34,51.15,0.0,-0.42
2.75,4.82,8.5,9.0,1.49,7.82,4.96,594.15,174.85,1.06,326.47,10.64,65.92,51.0,0.0,0.26
3.38,4.09,5.27,9.0,0.94,5.46,4.39,492.24,124.49,0.9,229.46,10.88,64.25,53.43,0.0,-0.83
3.38,4.34,8.5,9.0,1.46,5.77,4.74,601.0,178.0,1.07,334.84,10.6,65.14,51.24,0.0,0.1
4.26,4.41,8.5,9.0,1.04,7.82,4.6,491.37,122.51,0.89,225.96,10.98,64.94,53.42,0.0,-0.74
3.38,5.51,8.5,9.0,1.04,7.82,4.1,461.15,96.94,0.82,192.05,11.13,65.85,53.45,0.0,-1.33
3.38,5.44,8.5,9.0,1.04,7.82,4.41,509.69,133.07,0.91,240.18,11.07,65.94,53.29,0.0,-0.88
3.56,5.51,8.5,9.0,1.02,4.9,4.55,471.25,105.7,0.86,204.58,11.06,65.24,53.95,0.0,-0.96
3.38,4.28,4.52,9.0,0.67,7.82,4.13,450.63,101.68,0.82,186.11,11.11,64.65,54.33,15.0,4.0
3.64,5.51,11.63,9.0,1.27,7.82,4.13,481.38,103.39,0.86,211.84,11.0,65.96,52.74,0.0,-1.11
2.05,5.51,8.5,9.0,1.04,3.14,4.41,545.29,156.86,0.99,277.57,10.87,65.52,52.56,0.0,-0.57
3.38,5.44,12.7,9.0,1.78,3.14,4.52,568.21,144.36,1.04,308.29,10.36,63.4,51.0,0.0,-0.04
2.15,5.45,8.5,9.0,1.04,7.82,4.33,496.99,124.29,0.9,230.52,11.1,65.17,53.58,0.0,-1.03
3.38,5.44,14.23,9.0,1.04,3.06,4.39,490.72,117.28,0.87,224.02,10.95,65.25,52.95,0.0,-0.85
3.38,5.51,11.94,9.0,1.3,5.44,4.15,479.64,100.95,0.84,210.78,10.97,65.79,52.68,0.0,-1.08
1.26,5.44,9.55,9.0,1.04,2.86,4.99,497.6,130.22,0.91,233.09,10.9,64.58,52.89,0.0,-0.29
3.38,4.13,9.82,9.0,1.56,7.82,4.42,499.77,111.1,0.9,241.05,10.69,63.25,52.33,0.0,-0.61
2.22,5.51,14.29,9.0,1.06,7.82,4.43,473.92,107.42,0.86,205.94,11.22,65.52,53.72,0.0,-1.12
3.38,5.51,8.5,9.0,1.04,7.82,4.1,461.15,96.94,0.82,192.05,11.13,65.85,53.45,0.0,-1.33
1.6,4.77,8.41,9.0,1.04,7.82,4.25,449.21,88.62,0.83,183.51,11.09,65.01,53.66,0.0,-1.25
1.54,5.51,8.5,9.0,1.92,7.82,4.25,487.77,106.41,0.88,227.8,10.55,63.47,51.35,0.0,-0.56
3.38,5.51,14.93,9.0,1.04,7.82,4.36,473.51,107.5,0.84,204.65,11.16,65.77,53.34,0.0,-1.09
3.38,5.51,8.32,9.0,1.04,7.82,4.5,537.1,155.81,0.97,267.37,11.03,65.98,53.3,0.0,-0.69
4.22,2.58,8.5,9.0,1.4,7.82,4.66,551.46,150.91,0.99,293.92,10.37,63.09,51.02,0.0,0.09
3.38,5.51,8.5,9.0,0.71,6.32,4.6,451.3,99.13,0.8,181.08,11.2,66.12,53.31,13.0,4.0
3.38,5.51,8.73,9.0,1.04,2.75,4.26,460.93,97.02,0.84,198.67,10.91,63.97,53.75,0.0,-1.1
1.43,5.46,8.5,9.0,1.82,5.89,4.12,478.97,101.36,0.86,216.22,10.59,64.16,51.57,0.0,-0.73
1.54,2.07,7.82,9.0,1.81,6.2,4.63,584.2,146.13,1.01,327.52,9.88,63.12,47.95,0.0,0.72
1.54,5.51,13.62,9.0,1.5,7.82,4.39,516.32,134.16,0.92,250.96,10.86,64.94,52.26,0.0,-0.64
2.34,5.51,6.04,9.0,1.24,3.96,4.24,475.35,99.1,0.87,213.89,10.85,63.83,52.88,0.0,-0.97
1.54,5.51,5.57,9.0,0.99,5.39,4.22,451.49,92.33,0.84,187.59,11.04,64.53,53.95,0.0,-1.26
1.65,5.51,6.92,9.0,1.24,2.45,4.21,460.34,91.44,0.84,200.26,10.68,63.47,52.33,0.0,-0.85
1.54,5.51,9.0,9.0,1.28,7.82,4.2,470.41,104.02,0.84,204.03,10.98,65.19,52.72,0.0,-1.04
4.87,3.86,8.5,9.0,1.61,7.8,4.54,583.06,155.78,1.02,315.87,10.48,65.62,50.9,0.0,-0.04
1.54,4.9,8.5,9.0,1.92,3.56,4.38,541.51,132.41,0.94,278.87,10.29,64.32,49.65,0.0,0.01
3.82,5.51,8.5,9.0,1.85,7.82,4.36,545.48,124.85,0.95,281.98,10.52,64.41,51.02,0.0,-0.34
3.94,5.51,14.21,9.0,1.04,7.82,4.27,486.74,120.02,0.87,219.11,11.15,65.46,53.73,0.0,-1.15
3.38,5.51,8.5,9.0,1.98,7.82,4.27,536.52,117.84,0.95,275.26,10.41,63.89,50.87,0.0,-0.35
3.22,5.51,8.5,9.0,1.04,4.43,4.23,457.11,92.33,0.82,189.78,11.04,65.39,53.35,0.0,-1.18
3.38,4.61,8.5,9.0,1.04,7.82,4.24,497.07,123.27,0.89,229.09,11.04,65.53,53.44,0.0,-1.05
3.38,2.88,8.5,9.0,1.89,5.99,4.54,570.06,139.58,0.98,312.19,10.15,63.08,49.85,0.0,0.23
2.78,4.84,9.65,9.0,1.94,7.82,4.69,509.26,102.87,0.92,250.44,10.45,63.15,51.61,0.0,-0.2
4.36,5.51,12.2,9.0,1.04,7.82,4.47,542.84,159.53,0.95,272.77,11.02,66.38,52.71,0.0,-0.62
3.38,5.51,11.33,9.0,1.48,7.34,4.62,566.67,160.36,1.07,304.29,10.74,64.09,52.68,0.0,-0.33
3.22,4.99,7.45,9.0,1.04,6.47,4.23,498.72,124.92,0.88,230.77,11.02,65.48,53.1,0.0,-1.0
5.0,2.73,13.56,9.0,1.69,4.43,4.98,711.36,249.96,1.16,442.12,10.12,66.93,48.15,0.0,1.25
4.49,1.9,5.23,9.0,1.04,4.43,4.86,646.88,236.26,1.05,384.22,10.01,64.78,48.65,0.0,1.11
2.36,3.64,8.5,9.0,0.94,7.23,4.25,444.3,87.03,0.82,180.52,11.0,64.6,53.57,0.0,-1.19
3.23,5.0,8.5,9.0,1.04,4.43,4.6,607.82,208.88,1.08,337.07,10.82,67.1,51.52,0.0,-0.05
3.38,5.51,9.59,9.0,1.04,7.82,4.66,576.19,186.95,1.05,305.5,10.95,66.74,52.47,0.0,-0.29
3.22,2.47,12.24,9.0,1.04,4.43,4.64,523.17,141.77,0.94,260.87,10.51,64.27,51.23,0.0,-0.07
3.89,2.73,5.44,9.0,1.69,4.43,4.76,650.87,198.94,1.04,388.95,9.97,64.37,48.2,0.0,0.95
3.73,3.68,13.56,9.0,1.44,2.46,4.41,504.38,114.2,0.89,247.5,10.34,62.88,51.21,0.0,-0.26
1.42,2.35,9.81,9.0,1.69,5.32,4.59,553.68,134.44,0.99,298.05,10.1,62.49,49.93,0.0,0.27
1.43,2.28,5.65,9.0,1.69,2.32,4.51,535.98,115.97,0.96,287.89,9.6,60.19,48.66,0.0,0.59
4.3,2.73,4.73,9.0,1.69,2.26,4.43,524.52,107.89,0.93,273.33,9.69,61.02,49.41,0.0,0.35
5.0,2.73,13.56,9.0,1.69,4.14,5.08,759.25,286.66,1.21,487.54,9.96,67.49,47.39,0.0,1.67
4.4,2.73,8.23,9.0,1.83,4.43,4.85,725.43,234.81,1.09,453.06,9.94,67.6,46.44,0.0,1.4
4.53,4.18,13.56,9.0,1.67,4.43,4.75,649.34,204.23,1.04,378.92,10.43,67.07,49.03,0.0,0.58
3.38,5.37,9.81,9.0,0.85,4.5,4.68,497.73,131.89,0.88,228.36,11.08,65.97,53.2,0.0,-0.67
1.42,2.35,9.79,9.0,1.48,5.32,4.51,545.23,136.17,0.96,287.08,10.22,63.25,49.74,0.0,0.16
1.42,2.35,9.81,9.0,1.69,5.32,4.59,553.68,134.44,0.99,298.05,10.1,62.49,49.93,0.0,0.27
1.42,4.8,6.66,9.0,1.69,5.4,4.22,499.82,116.29,0.9,241.09,10.5,63.2,51.55,0.0,-0.54
1.42,2.35,9.81,9.0,1.57,6.41,4.64,558.79,139.84,0.97,297.42,10.24,64.32,49.02,0.0,0.35
1.56,2.35,10.77,9.0,1.19,7.28,4.56,554.34,153.42,0.99,293.55,10.48,63.86,50.87,0.0,-0.03
1.42,1.73,9.81,9.0,1.65,7.79,4.96,664.96,205.43,1.1,404.89,9.86,64.64,46.59,0.0,1.39
1.42,5.05,4.5,9.0,1.69,7.9,4.19,508.51,120.99,0.91,247.88,10.54,63.64,51.5,0.0,-0.56
1.42,5.28,8.5,9.0,1.48,5.7,4.3,522.61,135.64,0.92,255.18,10.73,65.66,51.33,0.0,-0.51
3.38,5.51,9.79,9.0,1.04,7.82,4.69,484.01,117.72,0.88,217.5,11.12,65.2,53.9,0.0,-0.83
1.42,2.35,8.5,9.0,1.39,3.63,4.72,556.0,142.55,0.96,297.15,10.13,63.51,49.1,0.0,0.48
3.38,5.51,9.79,9.0,1.04,5.76,4.34,491.76,120.36,0.88,223.38,11.02,65.7,52.91,0.0,-0.91
1.42,2.35,8.5,9.0,0.78,2.07,4.47,530.5,146.3,0.93,271.13,10.2,63.43,50.24,21.0,4.0
2.13,5.23,9.31,9.0,1.33,5.32,4.24,507.72,120.32,0.9,241.94,10.84,65.02,52.17,0.0,-0.79
3.38,5.51,8.5,9.0,1.04,7.82,4.1,461.15,96.94,0.82,192.05,11.13,65.85,53.45,0.0,-1.33
3.38,2.8,12.47,9.0,1.04,2.7,4.85,663.97,246.47,1.11,394.99,10.31,66.67,48.83,0.0,0.93
3.35,5.51,14.19,9.0,1.09,7.82,4.19,473.23,106.43,0.84,204.22,11.1,65.85,53.21,0.0,-1.17
3.94,5.51,8.5,9.0,1.34,7.82,4.3,489.29,106.09,0.87,222.98,10.92,65.15,52.61,0.0,-0.9
2.36,3.21,8.5,9.0,1.28,3.9,5.11,679.18,242.32,1.17,411.65,10.35,65.86,50.15,0.0,0.93
3.38,5.51,7.71,9.0,1.15,6.95,4.7,494.22,119.54,0.9,229.75,10.97,64.67,53.37,0.0,-0.66
3.55,2.55,8.5,9.0,1.04,6.82,4.91,628.25,220.69,1.05,359.59,10.51,66.42,50.12,0.0,0.59
4.83,5.51,8.5,9.0,0.92,7.82,4.69,533.26,160.22,0.98,263.51,11.04,66.08,53.13,0.0,-0.51
3.09,5.51,13.79,9.0,1.76,4.92,4.61,569.93,149.49,1.02,306.52,10.49,64.43,50.93,0.0,-0.02
3.38,2.79,8.5,9.0,1.04,5.42,4.71,519.88,139.64,0.92,256.35,10.58,64.68,50.73,0.0,-0.01
4.62,5.6,8.5,9.0,1.04,7.82,4.15,488.82,119.52,0.86,219.0,11.06,66.02,52.95,0.0,-1.09
2.48,5.51,8.5,9.0,1.04,7.82,4.07,461.57,96.79,0.82,193.24,11.15,65.6,53.38,0.0,-1.36
1.63,5.51,8.5,9.0,1.33,7.48,4.34,499.35,119.74,0.89,232.06,10.93,65.39,52.26,0.0,-0.78
3.38,2.54,5.07,9.0,1.62,4.51,4.64,573.0,148.69,0.98,316.83,9.99,62.68,49.53,0.0,0.48
3.38,5.51,8.5,9.0,1.34,2.53,4.66,575.72,174.26,1.08,315.64,10.44,63.53,51.83,0.0,0.05
3.53,5.51,12.28,9.0,1.04,3.59,4.41,509.74,133.01,0.89,241.63,10.93,65.66,52.28,0.0,-0.67
1.27,5.27,12.96,9.0,1.04,2.91,4.24,476.33,111.67,0.87,211.21,10.96,64.82,53.3,0.0,-1.03
3.38,3.92,8.5,9.0,1.27,2.9,4.51,541.78,144.25,0.97,280.04,10.5,64.08,51.51,0.0,-0.19
3.38,5.51,8.5,9.0,1.04,2.02,4.78,522.76,137.6,0.93,256.73,10.65,64.98,51.77,0.0,-0.13
3.38,5.51,12.36,9.0,1.04,7.82,4.18,525.09,147.91,0.87,250.33,11.07,68.04,50.6,0.0,-0.68
3.38,3.15,7.6,9.0,1.04,7.82,4.36,504.92,130.29,0.91,241.29,10.77,64.56,52.63,0.0,-0.67
3.31,3.34,12.36,9.0,2.0,4.91,4.68,623.07,166.93,1.04,360.79,10.1,64.4,48.84,0.0,0.6
3.38,5.4,8.5,9.0,1.9,3.29,4.42,608.19,159.22,1.01,342.72,10.23,65.43,48.6,0.0,0.32
3.38,5.51,14.62,9.0,0.9,7.82,4.26,473.47,111.31,0.83,201.7,11.18,66.77,52.84,0.0,-1.1
3.38,2.61,7.74,9.0,1.04,5.89,4.75,615.86,210.19,1.04,348.96,10.47,66.02,49.87,0.0,0.48
3.38,5.51,8.5,9.0,1.87,7.82,4.31,479.8,90.59,0.87,221.69,10.55,62.98,51.94,0.0,-0.65
2.99,3.36,4.17,9.0,1.04,6.66,4.34,512.81,131.19,0.89,247.97,10.63,64.82,51.05,0.0,-0.4
3.38,3.15,4.52,9.0,1.9,7.82,4.62,619.26,168.18,1.03,358.16,10.03,64.13,48.62,0.0,0.63
3.38,3.15,14.76,9.0,1.23,7.01,4.54,572.96,169.65,1.02,303.56,10.68,66.56,50.9,0.0,-0.1
3.38,4.82,6.23,9.0,1.0,7.95,4.65,465.26,104.13,0.85,200.29,11.01,64.85,53.78,0.0,-0.84
4.23,3.24,4.53,9.0,1.47,2.23,4.56,587.37,156.94,0.98,325.97,9.96,63.99,48.73,0.0,0.57
3.38,3.15,5.98,9.0,1.89,6.76,4.52,585.96,145.66,0.99,325.07,10.15,63.96,49.26,0.0,0.31
3.38,3.15,7.6,9.0,0.98,7.82,4.64,466.1,105.02,0.86,205.61,10.84,63.81,53.47,0.0,-0.7
3.38,3.93,7.74,9.0,1.04,4.73,4.55,546.01,158.19,0.99,280.45,10.8,65.0,52.48,0.0,-0.4
2.9,5.51,9.16,9.0,1.04,4.45,4.59,457.09,98.03,0.85,193.17,11.04,64.46,54.15,0.0,-0.97
2.48,1.85,7.52,9.0,1.95,7.82,4.89,651.95,178.08,1.08,392.48,9.73,64.35,46.59,0.0,1.31
2.48,1.92,4.17,9.0,0.62,7.38,4.53,485.46,125.16,0.89,231.22,10.37,62.25,51.75,27.0,4.0
2.93,5.3,7.84,9.0,0.73,6.66,4.15,478.04,120.75,0.86,209.54,11.19,65.74,53.45,23.0,4.0
2.05,1.55,12.65,9.0,1.04,5.07,5.45,628.0,210.85,1.09,366.75,9.98,64.34,48.43,0.0,1.5
2.8,3.36,9.64,9.0,0.6,6.66,4.32,441.72,95.63,0.8,175.84,11.07,65.01,52.98,64.0,4.0
2.83,5.51,8.5,9.0,1.04,7.82,4.08,474.18,104.78,0.83,204.17,11.14,66.04,52.91,0.0,-1.25
2.48,5.51,8.5,9.0,1.93,7.23,4.62,516.09,105.75,0.91,252.97,10.48,64.32,50.8,0.0,-0.17
2.05,1.55,4.79,9.0,1.76,6.38,4.91,712.79,224.04,1.12,452.92,9.43,64.68,44.97,0.0,1.89
2.36,1.55,9.75,9.0,0.91,6.75,5.42,622.67,223.12,1.07,363.88,10.03,63.46,49.61,0.0,1.36
3.75,1.55,9.22,9.0,1.04,5.91,5.27,706.49,289.5,1.16,443.25,9.89,65.24,47.95,0.0,1.8
1.97,1.94,12.65,9.0,0.57,7.25,4.94,457.86,106.83,0.82,198.5,10.6,63.56,52.14,75.0,4.0
3.49,2.6,12.65,9.0,0.71,5.07,4.66,555.54,186.52,0.98,289.96,10.64,65.46,50.81,11.0,4.0
2.05,1.55,11.82,9.0,1.32,5.07,5.53,674.43,226.88,1.12,410.11,9.83,65.43,46.97,0.0,1.9
2.05,5.67,13.87,9.0,1.39,3.62,4.39,533.95,136.19,0.96,267.69,10.79,65.15,52.34,0.0,-0.6
2.05,1.99,12.65,9.0,0.83,5.07,4.76,579.73,189.25,1.02,315.49,10.34,65.09,49.89,4.0,4.0
2.48,2.03,8.5,9.0,1.59,7.82,4.71,565.04,145.64,0.99,307.91,10.06,63.12,49.11,0.0,0.53
3.91,5.51,4.81,9.0,1.66,4.74,4.27,511.87,110.0,0.9,251.71,10.44,63.56,51.32,0.0,-0.46
2.48,4.01,8.08,9.0,1.04,6.15,4.22,453.36,90.97,0.83,189.22,10.97,64.57,53.05,0.0,-1.11
4.5,5.28,3.86,9.0,1.04,6.77,4.27,522.37,139.61,0.92,254.97,10.88,65.46,52.62,0.0,-0.76
3.27,5.51,12.58,9.0,0.99,7.87,4.66,474.24,110.82,0.85,205.44,11.18,65.74,53.53,0.0,-0.88
1.51,5.51,12.69,9.0,0.66,7.82,4.08,431.34,84.32,0.77,162.09,11.36,66.07,53.53,81.0,4.0
2.48,2.7,8.51,9.0,0.88,7.22,4.86,503.4,134.43,0.91,241.15,10.73,64.25,52.33,0.0,-0.2
4.32,5.51,4.95,9.0,1.04,5.87,4.25,491.04,118.44,0.89,225.78,10.96,64.8,53.46,0.0,-1.02
2.48,3.3,8.5,9.0,1.77,7.82,4.6,589.49,149.62,1.02,324.81,10.29,65.26,49.34,0.0,0.29
3.98,2.55,4.27,9.0,2.0,7.82,4.68,626.28,168.68,1.02,367.37,9.81,63.69,47.94,0.0,0.9
2.48,5.51,13.56,9.0,1.04,4.33,4.08,459.77,94.18,0.82,191.76,11.11,65.54,53.09,0.0,-1.3
2.48,5.67,13.02,9.0,1.04,7.82,4.3,466.73,101.49,0.84,198.29,11.16,65.69,53.25,0.0,-1.15
2.48,5.51,8.5,9.0,1.04,7.82,4.07,461.57,96.79,0.82,193.24,11.15,65.6,53.38,0.0,-1.36
2.48,5.51,8.5,9.0,1.12,2.37,4.29,501.13,117.58,0.9,237.33,10.73,64.49,52.31,0.0,-0.71
2.77,5.56,6.3,9.0,1.04,7.82,4.2,459.3,95.48,0.83,192.48,11.08,65.26,53.7,0.0,-1.25
3.39,5.51,8.5,9.0,1.85,7.8,4.28,504.52,103.08,0.91,245.21,10.56,63.25,51.93,0.0,-0.63
2.48,5.67,13.02,9.0,1.04,7.82,4.3,466.73,101.49,0.84,198.29,11.16,65.69,53.25,0.0,-1.15
2.48,5.67,7.24,9.0,0.81,6.62,4.31,505.66,140.81,0.91,237.61,11.19,65.5,53.86,5.0,4.0
2.48,1.93,9.45,9.0,1.59,7.55,5.03,691.02,221.81,1.1,423.07,10.0,66.58,46.97,0.0,1.38
3.22,1.97,13.02,9.0,1.04,4.79,4.87,631.7,225.31,1.04,368.21,10.23,65.16,48.94,0.0,0.9
2.48,2.44,13.02,9.0,1.04,3.78,4.62,520.29,134.47,0.93,258.4,10.48,64.13,51.13,0.0,-0.09
2.48,5.67,13.02,9.0,0.54,7.82,4.27,425.98,85.66,0.78,157.65,11.43,65.56,54.55,114.0,4.0
4.65,5.67,13.02,9.0,1.09,7.82,4.22,465.69,102.26,0.84,198.36,11.12,65.36,53.37,0.0,-1.2
2.48,5.52,8.5,9.0,1.04,5.47,4.14,439.19,79.38,0.77,171.84,11.11,65.38,53.4,0.0,-1.35
4.56,3.61,13.02,9.0,1.04,7.82,4.59,570.76,185.8,1.0,301.1,10.83,66.46,52.0,0.0,-0.22
2.48,5.51,8.5,9.0,1.09,7.82,4.63,453.64,91.69,0.82,187.81,11.1,64.95,53.7,0.0,-0.95
2.48,2.0,13.02,9.0,1.09,7.82,5.16,705.2,276.6,1.18,436.72,10.26,66.88,48.25,0.0,1.4
4.65,5.51,9.19,9.0,1.04,3.79,4.15,489.86,118.26,0.87,222.88,10.91,65.29,52.84,0.0,-0.99
4.65,5.67,13.02,9.0,1.95,7.8,4.69,639.1,182.08,1.06,372.3,10.42,65.8,49.87,0.0,0.35
4.62,5.59,8.5,9.0,1.04,7.02,4.26,487.63,119.63,0.87,218.94,11.05,65.77,53.35,0.0,-1.05
4.86,5.67,13.02,9.0,0.81,7.63,4.48,550.78,183.81,1.02,280.3,11.13,66.24,53.29,1.0,4.0
2.33,5.67,8.17,9.0,1.09,7.82,4.32,476.49,106.58,0.86,208.74,11.07,65.48,53.38,0.0,-1.07
2.58,5.1,13.02,9.0,1.09,3.07,4.22,453.95,87.1,0.8,186.72,10.97,65.3,52.73,0.0,-1.09
2.48,2.91,13.02,9.0,1.11,6.43,4.53,495.47,118.03,0.89,232.88,10.77,64.3,52.32,0.0,-0.55
2.38,3.31,11.91,9.0,1.29,7.82,4.28,449.4,82.39,0.8,186.78,10.8,64.23,52.19,0.0,-0.89
2.48,2.0,13.02,9.0,1.09,2.96,4.85,575.71,168.24,1.02,316.48,10.09,63.54,49.53,0.0,0.66
3.27,2.0,10.61,9.0,0.9,7.82,4.69,511.86,144.02,0.9,253.42,10.5,63.35,52.03,0.0,-0.11
1.47,2.0,13.02,9.0,1.09,6.92,4.7,514.72,128.4,0.92,254.77,10.42,63.64,50.57,0.0,0.05
2.48,2.0,13.02,9.0,0.73,7.82,4.54,512.41,144.3,0.9,249.33,10.58,64.93,50.65,18.0,4.0
2.48,2.0,6.6,9.0,1.97,4.96,4.78,610.4,150.27,1.04,356.4,9.66,62.2,47.25,0.0,1.07
1.54,2.0,9.57,9.0,0.93,3.14,5.09,511.72,128.87,0.92,255.73,10.18,62.53,50.62,0.0,0.5
1.78,3.36,6.6,9.0,1.97,3.26,4.18,489.1,86.67,0.87,236.86,9.98,61.29,49.57,0.0,-0.13
3.73,3.5,8.5,9.0,0.58,7.96,4.22,469.8,123.7,0.85,203.46,11.09,65.17,54.08,95.0,4.0
1.35,4.05,8.5,9.0,1.04,7.82,4.77,459.28,95.26,0.84,194.67,11.0,64.76,53.29,0.0,-0.72
2.48,5.51,6.6,9.0,1.04,4.96,4.69,473.26,105.76,0.87,208.93,10.99,64.6,53.59,0.0,-0.76
3.77,5.13,8.5,9.0,1.64,7.51,4.49,543.07,133.89,1.0,282.15,10.55,63.76,51.76,0.0,-0.31
2.48,4.67,8.5,9.0,1.04,2.41,4.37,461.04,94.32,0.84,199.8,10.73,63.87,52.75,0.0,-0.8
2.4,4.5,4.37,9.0,1.04,7.82,4.34,461.21,95.96,0.84,197.35,10.95,64.55,53.34,0.0,-1.02
2.48,5.51,8.5,9.0,0.6,7.82,4.19,422.02,80.36,0.77,154.66,11.37,65.31,54.36,70.0,4.0
3.36,1.92,10.52,9.0,1.04,4.97,4.9,669.22,252.35,1.07,403.66,10.17,65.84,48.17,0.0,1.16
3.64,5.29,13.64,9.0,1.04,7.82,4.73,486.32,118.98,0.88,217.7,11.12,65.84,53.43,0.0,-0.74
2.48,5.51,11.26,9.0,0.67,4.2,4.11,438.64,88.13,0.78,168.9,11.26,65.86,53.53,43.0,4.0
2.48,5.51,10.92,9.0,1.42,5.16,4.54,522.65,124.52,0.93,257.36,10.77,64.93,52.3,0.0,-0.51
2.48,5.51,8.5,9.0,1.04,7.82,4.07,461.57,96.79,0.82,193.24,11.15,65.6,53.38,0.0,-1.36
2.48,5.02,8.5,9.0,1.27,7.82,4.73,474.13,97.75,0.85,208.69,10.92,64.9,52.72,0.0,-0.62
2.48,3.62,7.85,9.0,1.04,7.82,4.8,533.69,149.35,0.98,269.61,10.83,64.65,52.55,0.0,-0.27
3.63,4.96,10.27,9.0,1.78,7.82,4.43,520.37,113.34,0.94,259.92,10.59,63.64,52.16,0.0,-0.51
3.54,3.35,11.89,9.0,1.93,6.22,4.6,597.01,154.57,0.99,333.79,10.26,64.56,49.49,0.0,0.31
2.8,4.69,11.31,9.0,0.62,6.95,4.09,428.0,84.57,0.77,159.71,11.3,65.57,53.45,54.0,4.0
2.48,5.51,8.17,9.0,1.67,7.82,4.41,516.03,111.4,0.94,253.64,10.67,64.04,52.31,0.0,-0.61
3.52,5.51,7.85,9.0,1.09,5.39,4.24,500.12,123.54,0.89,232.81,11.01,65.33,53.15,0.0,-1.0
2.48,4.68,8.13,9.0,1.04,7.79,4.23,432.39,77.23,0.79,167.78,11.12,64.68,53.81,0.0,-1.34
2.48,1.66,10.91,9.0,1.55,6.06,4.87,609.61,169.84,1.04,348.93,9.88,64.37,48.1,0.0,0.98
2.48,2.42,3.76,9.0,1.34,7.82,4.49,527.18,125.72,0.93,271.01,10.2,62.68,49.85,0.0,0.1
2.48,4.73,8.5,9.0,1.04,7.75,4.34,483.54,113.2,0.87,216.16,11.05,65.39,53.22,0.0,-1.0
4.78,5.51,8.5,9.0,1.04,3.73,4.23,498.06,123.13,0.87,229.8,10.93,65.66,52.34,0.0,-0.86
2.48,5.51,5.87,9.0,1.42,2.1,4.78,499.94,102.95,0.89,239.44,10.38,63.62,51.34,0.0,-0.06
4.66,4.56,8.5,9.0,1.55,5.93,4.36,525.93,122.41,0.94,262.65,10.6,64.41,51.88,0.0,-0.5
2.48,2.4,8.5,9.0,1.04,7.82,4.61,537.98,152.38,0.98,277.2,10.52,63.84,51.47,0.0,-0.09
2.48,4.15,9.37,9.0,1.04,7.99,4.81,474.85,107.28,0.88,210.16,11.04,64.81,53.47,0.0,-0.68
2.48,5.51,8.5,9.0,1.04,3.57,4.15,473.73,104.35,0.87,209.2,11.0,64.7,53.47,0.0,-1.18
2.48,5.51,8.5,9.0,1.83,7.82,4.35,474.72,85.08,0.86,215.43,10.61,63.19,51.9,0.0,-0.67
2.48,5.51,9.38,9.0,0.61,7.82,4.03,423.52,78.86,0.75,153.56,11.39,65.97,53.83,64.0,4.0
1.32,5.51,4.75,9.0,1.21,6.18,4.4,468.9,104.8,0.84,204.79,10.9,64.51,52.58,0.0,-0.82
2.77,5.51,14.56,9.0,0.84,7.82,4.28,513.5,144.86,0.91,242.17,11.2,66.51,53.12,2.0,4.0
3.01,5.18,8.5,9.0,1.82,7.82,4.3,482.14,90.95,0.87,222.8,10.59,63.25,51.88,0.0,-0.67
4.16,4.33,8.5,9.0,1.07,7.82,4.33,502.3,126.8,0.91,237.16,10.98,64.87,53.29,0.0,-0.91
3.79,5.23,11.09,9.0,0.87,7.28,4.32,465.24,108.1,0.83,196.53,11.16,65.77,53.46,0.0,-1.13
1.63,5.51,6.38,9.0,1.52,7.82,4.18,501.68,119.48,0.89,237.86,10.75,64.49,51.86,0.0,-0.75
2.48,5.23,8.5,9.0,1.04,7.82,4.21,453.84,91.87,0.82,187.92,11.11,64.97,53.82,0.0,-1.29
2.48,5.51,5.87,9.0,1.95,2.1,4.32,547.31,120.51,0.97,293.49,9.94,61.58,49.46,0.0,0.16
2.02,5.51,5.87,9.0,1.42,5.63,4.34,529.55,132.09,0.95,265.86,10.7,64.54,51.76,0.0,-0.53
4.47,5.72,9.56,9.0,1.42,2.1,4.26,498.5,105.05,0.87,235.27,10.49,64.23,51.54,0.0,-0.54
4.63,2.48,6.49,9.0,1.42,2.1,5.32,800.21,320.5,1.14,529.06,9.66,67.41,45.09,0.0,2.45
2.48,5.51,6.34,9.0,1.42,2.1,4.29,464.69,83.63,0.84,206.45,10.43,62.9,51.4,0.0,-0.56
2.48,2.1,10.25,9.0,1.13,2.1,4.63,546.78,139.17,0.93,289.24,9.89,63.16,48.85,0.0,0.58
4.01,2.53,12.75,9.0,1.42,2.1,4.73,627.73,191.83,1.0,365.32,9.95,64.55,48.12,0.0,0.92
2.48,5.51,5.87,9.0,1.04,2.1,4.38,498.71,116.94,0.89,234.43,10.7,64.52,52.09,0.0,-0.6
4.01,2.53,6.59,9.0,1.42,2.1,4.65,580.96,159.33,0.99,328.3,9.75,61.81,49.22,0.0,0.72
3.01,2.53,5.03,9.0,1.17,3.1,4.49,503.57,114.08,0.89,246.2,10.16,62.93,50.21,0.0,0.03
4.01,2.53,12.75,9.0,1.24,5.17,4.87,603.93,194.85,1.01,339.62,10.41,64.97,50.65,0.0,0.46
4.01,2.53,3.92,9.0,1.42,2.1,4.65,598.59,166.65,1.0,344.11,9.63,62.27,48.21,0.0,0.94
1.26,2.53,12.75,9.0,1.42,4.14,4.48,558.31,146.65,0.98,297.84,10.27,63.9,49.78,0.0,0.14
4.01,2.53,12.34,9.0,1.42,2.1,5.11,748.87,289.29,1.16,480.73,9.77,66.71,46.47,0.0,1.93
4.01,4.38,12.75,9.0,1.42,6.3,4.78,647.15,214.35,1.07,375.79,10.66,67.27,50.31,0.0,0.35
2.04,5.39,12.75,9.0,0.99,4.45,4.44,537.72,157.36,0.97,269.1,11.05,65.74,52.72,0.0,-0.68
2.48,5.51,6.05,9.0,1.43,4.59,4.79,501.71,110.37,0.92,241.79,10.68,63.46,52.54,0.0,-0.35
2.48,5.51,6.33,9.0,1.04,7.82,4.42,500.03,126.14,0.91,233.72,11.03,65.13,53.52,0.0,-0.9
2.05,5.51,7.71,9.0,1.84,7.82,4.19,509.66,115.11,0.91,248.86,10.56,63.66,51.58,0.0,-0.61
2.48,4.99,8.5,9.0,1.39,7.82,4.46,544.06,139.65,1.0,278.84,10.81,64.88,52.6,0.0,-0.57
4.5,5.51,8.39,9.0,0.84,7.82,4.17,452.18,98.38,0.8,182.72,11.2,66.0,53.22,0.0,-1.28
2.48,4.78,14.35,9.0,1.22,6.94,4.24,475.17,99.4,0.84,207.21,11.01,65.57,52.55,0.0,-1.03
2.48,3.46,8.5,9.0,1.2,7.82,4.2,477.14,102.22,0.87,213.43,10.82,64.5,52.37,0.0,-0.91
2.48,5.51,7.59,9.0,0.95,5.56,4.57,462.26,97.1,0.81,191.92,11.09,66.19,52.44,0.0,-0.82
2.48,5.51,8.5,9.0,1.04,3.37,4.56,527.0,141.43,0.95,259.91,10.88,65.34,52.67,0.0,-0.54
2.48,1.5,8.5,9.0,1.4,7.82,5.15,718.13,258.64,1.14,453.02,9.77,66.0,46.39,0.0,1.84
2.73,4.94,14.42,9.0,1.04,7.82,4.75,480.05,112.28,0.86,211.76,11.1,65.66,53.13,0.0,-0.7
1.75,5.51,8.5,9.0,1.78,7.82,4.25,503.09,113.82,0.88,238.01,10.67,64.81,51.33,0.0,-0.6
2.48,2.27,8.5,9.0,1.04,7.82,4.69,559.74,162.06,0.99,295.82,10.46,64.99,50.53,0.0,0.16
4.25,5.51,7.07,9.0,0.78,4.16,4.13,457.04,100.58,0.81,187.38,11.14,65.92,53.18,1.0,4.0
2.03,3.8,8.5,9.0,1.04,7.82,4.3,466.26,98.56,0.85,199.92,11.01,65.09,53.49,0.0,-1.1
2.48,1.73,11.85,9.0,0.95,7.82,4.78,536.95,151.24,0.96,276.61,10.32,63.82,50.67,0.0,0.26
3.53,5.51,8.5,9.0,1.53,7.21,4.61,625.34,199.18,1.11,357.27,10.59,66.19,50.72,0.0,0.15
2.48,3.09,11.14,9.0,1.04,7.82,4.83,519.66,137.41,0.93,254.87,10.82,64.81,52.22,0.0,-0.25
2.48,5.06,8.0,9.0,1.7,7.82,4.11,465.33,83.53,0.84,205.17,10.67,63.57,52.03,0.0,-0.92
2.48,5.51,8.5,9.0,1.04,5.48,4.11,451.48,90.37,0.81,185.13,11.08,65.12,53.45,0.0,-1.32
2.48,5.51,8.5,9.0,0.81,7.82,4.71,466.98,107.55,0.84,197.41,11.22,66.17,53.27,3.0,4.0
3.94,5.51,6.35,9.0,1.04,7.82,4.36,486.1,116.33,0.89,219.9,11.04,65.12,53.67,0.0,-1.02
3.56,1.59,6.81,9.0,1.04,7.82,5.06,694.74,273.11,1.11,430.14,9.98,65.73,47.22,0.0,1.6
2.48,5.51,8.5,9.0,1.04,7.2,4.17,454.6,91.49,0.81,185.31,11.14,65.87,53.15,0.0,-1.27
2.48,5.51,8.5,9.0,1.04,4.86,4.09,441.77,83.75,0.8,177.09,11.1,64.76,53.87,0.0,-1.42
2.48,4.44,13.05,9.0,1.04,3.11,4.32,494.72,118.52,0.9,228.33,10.89,65.14,52.7,0.0,-0.83
2.48,2.15,8.5,9.0,1.29,7.82,4.59,558.19,151.19,0.99,297.29,10.32,64.06,50.08,0.0,0.18
2.27,2.19,8.5,9.0,1.06,7.82,4.69,536.24,146.93,0.96,275.32,10.47,63.92,51.12,0.0,0.02
1.63,5.51,4.87,9.0,1.28,7.82,4.51,526.35,143.1,0.96,262.4,10.82,64.56,52.37,0.0,-0.5
2.48,3.54,14.61,9.0,1.04,2.24,4.45,498.32,119.4,0.92,238.09,10.56,63.67,52.51,0.0,-0.5
2.48,5.51,12.05,9.0,1.76,7.48,4.25,498.74,98.98,0.91,238.44,10.66,63.5,52.29,0.0,-0.77
2.14,5.51,13.27,9.0,0.84,2.47,4.41,526.48,152.32,0.94,257.33,10.94,66.01,52.52,0.0,-0.63
2.48,5.51,8.5,9.0,1.04,5.74,4.44,477.66,108.64,0.86,210.21,11.1,65.4,53.51,0.0,-1.0
2.14,5.51,13.27,9.0,0.84,4.18,4.41,496.92,130.52,0.88,227.91,11.15,65.9,53.12,1.0,4.0
2.14,3.13,5.6,9.0,0.84,4.86,4.44,495.9,130.83,0.92,237.14,10.7,63.34,52.65,2.0,4.0
2.18,5.51,10.01,9.0,1.04,3.94,4.48,486.41,113.42,0.87,217.23,11.02,65.86,53.1,0.0,-0.85
4.66,5.51,10.07,9.0,0.86,4.86,4.24,468.28,112.39,0.84,202.42,11.12,64.98,53.4,0.0,-1.14
4.03,5.79,8.5,9.0,1.04,4.86,4.5,453.42,91.14,0.81,186.03,11.03,65.36,53.03,0.0,-0.93
3.85,1.99,8.31,9.0,0.76,5.8,4.87,606.1,222.55,1.05,344.01,10.37,64.68,50.38,2.0,4.0
2.16,5.51,13.27,9.0,0.84,4.3,4.78,476.19,114.35,0.86,207.2,11.19,65.8,53.27,1.0,4.0
2.14,5.51,13.27,9.0,1.49,2.47,4.47,504.4,109.8,0.91,243.62,10.55,63.63,51.75,0.0,-0.42
2.31,5.51,11.17,9.0,0.84,2.47,4.43,473.25,110.7,0.86,207.59,11.04,64.93,53.86,0.0,-1.01
2.14,4.69,13.27,9.0,1.08,7.41,4.26,463.47,97.97,0.83,196.02,11.1,65.46,53.03,0.0,-1.13
3.36,1.83,13.27,9.0,0.59,6.88,4.68,499.01,144.5,0.9,241.11,10.51,63.1,52.23,48.0,4.0
2.14,4.22,12.72,9.0,0.84,6.82,4.42,511.22,143.24,0.91,242.77,11.08,65.87,52.57,7.0,4.0
3.5,5.51,13.55,9.0,1.87,2.47,4.43,550.26,127.46,0.98,291.43,10.21,63.11,50.13,0.0,0.02
2.27,5.51,8.5,9.0,0.58,7.49,4.21,431.42,84.8,0.77,160.78,11.38,66.3,53.72,103.0,4.0
2.43,5.51,13.27,9.0,0.84,4.32,4.2,470.56,108.99,0.84,200.56,11.17,66.17,53.11,0.0,-1.18
3.94,5.51,13.27,9.0,1.03,4.32,4.31,482.11,113.83,0.87,215.85,11.05,65.12,53.56,0.0,-1.06
2.43,2.98,13.27,9.0,1.18,3.35,4.59,537.16,142.02,0.97,275.78,10.5,64.0,51.01,0.0,-0.08
1.85,3.19,13.27,9.0,1.52,4.32,4.31,490.09,98.96,0.88,229.2,10.51,63.85,51.12,0.0,-0.49
2.43,5.51,13.27,9.0,0.84,4.32,4.2,470.56,108.99,0.84,200.56,11.17,66.17,53.11,0.0,-1.18
1.88,1.78,11.43,9.0,1.19,4.32,4.87,602.91,183.16,1.02,341.26,10.03,64.52,48.46,0.0,0.9
3.57,5.57,13.27,9.0,0.84,4.32,4.64,471.56,113.13,0.84,202.56,11.16,65.77,53.22,0.0,-0.83
2.43,5.51,13.82,9.0,0.84,2.6,4.32,468.96,103.86,0.8,198.12,11.04,66.68,52.03,0.0,-0.9
2.43,5.51,13.27,9.0,1.71,4.32,4.38,547.43,127.68,0.98,282.87,10.57,64.69,51.71,0.0,-0.43
2.48,4.6,10.34,9.0,1.04,5.07,4.41,505.96,127.98,0.91,239.04,10.98,65.22,53.07,0.0,-0.82
2.48,2.81,8.5,9.0,1.04,3.78,4.67,571.78,169.88,1.03,306.96,10.49,65.03,50.8,0.0,0.13
2.48,5.51,8.5,9.0,1.04,4.95,4.64,457.29,94.3,0.81,190.87,11.05,65.16,53.15,0.0,-0.83
2.48,5.51,8.5,9.0,1.04,6.12,4.23,480.34,108.57,0.86,211.9,11.06,65.65,52.99,0.0,-1.08
1.98,5.51,8.65,9.0,1.04,4.86,4.2,463.61,100.64,0.85,197.32,11.05,65.05,53.96,0.0,-1.25
1.91,5.08,8.5,9.0,0.63,7.75,4.19,437.63,87.85,0.79,168.25,11.27,65.92,53.31,83.0,4.0
2.48,5.51,8.5,9.0,1.05,4.86,4.35,524.48,141.42,0.94,256.18,10.97,65.6,52.92,0.0,-0.79
2.09,5.51,8.5,9.0,1.04,4.86,4.72,497.02,123.86,0.89,230.04,11.01,65.3,53.05,0.0,-0.61
2.4,2.81,8.5,9.0,1.04,7.38,4.5,530.33,144.48,0.95,266.94,10.71,64.53,51.64,0.0,-0.34
2.48,5.71,8.5,9.0,0.72,3.78,4.28,446.03,91.15,0.81,176.11,11.21,65.96,53.5,21.0,4.0
2.48,2.81,8.5,9.0,1.04,3.78,4.67,571.78,169.88,1.03,306.96,10.49,65.03,50.8,0.0,0.13
2.48,2.81,8.5,9.0,1.65,3.78,4.52,571.41,140.96,0.98,310.84,10.08,63.96,49.06,0.0,0.36
2.48,2.81,7.5,9.0,1.04,3.78,4.49,513.59,129.91,0.94,254.53,10.49,63.43,51.78,0.0,-0.29
4.74,2.81,8.69,9.0,1.04,4.96,4.52,584.61,191.57,0.99,317.33,10.54,65.99,50.49,0.0,0.11
2.06,3.41,8.27,9.0,1.35,3.78,4.46,528.19,129.66,0.94,267.36,10.5,63.79,51.25,0.0,-0.26
2.48,2.81,14.93,9.0,0.66,3.78,4.88,487.87,129.62,0.88,224.17,10.77,64.43,52.31,44.0,4.0
2.48,5.51,10.11,9.0,1.04,4.86,4.23,448.31,87.53,0.8,180.83,11.11,65.43,53.24,0.0,-1.23
2.48,5.51,7.19,9.0,1.38,2.16,4.24,478.55,92.87,0.85,217.85,10.5,63.67,51.43,0.0,-0.6
1.95,2.81,8.69,9.0,1.04,3.92,4.44,515.27,134.36,0.93,256.13,10.54,63.42,51.84,0.0,-0.35
4.74,3.06,10.16,9.0,1.06,4.17,4.47,532.43,152.28,0.94,269.13,10.63,64.49,51.75,0.0,-0.3
4.74,5.64,5.67,9.0,1.04,4.63,4.68,521.57,144.67,0.95,256.35,10.88,64.78,53.3,0.0,-0.51
2.69,2.81,8.52,9.0,1.04,4.94,4.35,518.41,133.25,0.91,252.88,10.62,65.06,51.2,0.0,-0.4
2.88,5.51,9.21,9.0,1.4,4.96,4.3,498.06,112.49,0.91,236.53,10.79,63.91,52.68,0.0,-0.8
3.23,4.95,8.69,9.0,1.04,4.86,4.41,461.16,98.5,0.84,197.07,11.01,64.63,53.58,0.0,-1.02
4.15,5.51,7.19,9.0,1.56,3.79,4.87,568.36,148.27,1.0,304.78,10.46,64.48,51.34,0.0,0.15
2.48,5.54,7.19,9.0,1.12,4.37,4.67,454.76,88.59,0.84,190.08,10.97,64.64,53.42,0.0,-0.82
2.48,3.15,7.19,9.0,1.34,4.5,4.56,521.46,124.98,0.95,264.37,10.43,62.92,51.14,0.0,-0.14
4.89,4.34,13.98,9.0,0.75,5.5,4.19,451.43,104.27,0.81,185.14,11.13,65.03,53.48,0.0,-1.23
2.48,5.51,7.19,9.0,1.38,7.67,4.32,491.31,106.39,0.89,226.2,10.86,64.85,52.71,0.0,-0.86
1.26,4.75,7.68,9.0,0.94,2.16,4.29,467.49,100.0,0.84,204.37,10.78,64.29,52.33,0.0,-0.82
3.69,2.72,13.1,9.0,1.01,6.13,4.85,602.91,208.6,1.04,337.72,10.6,65.43,50.66,0.0,0.38
2.48,5.51,10.78,9.0,1.36,3.3,4.38,528.66,128.93,0.95,264.15,10.71,64.65,52.04,0.0,-0.55
2.48,5.51,4.59,9.0,1.04,4.86,4.28,468.63,97.81,0.82,201.16,10.95,65.44,52.72,0.0,-0.99
2.89,1.95,12.06,9.0,1.04,4.86,4.99,565.6,172.75,0.99,304.38,10.24,64.42,49.63,0.0,0.68
2.24,5.51,8.5,9.0,1.57,4.86,4.46,522.65,118.28,0.94,259.04,10.66,64.45,52.09,0.0,-0.51
2.48,5.51,8.5,9.0,1.04,4.86,4.09,441.77,83.75,0.8,177.09,11.1,64.76,53.87,0.0,-1.42
2.48,5.51,8.5,9.0,1.7,4.98,4.35,533.78,117.62,0.95,270.11,10.55,64.52,51.02,0.0,-0.4
3.06,5.51,8.5,9.0,1.04,3.02,4.51,559.29,171.81,1.05,293.48,10.79,64.98,52.56,0.0,-0.38
2.48,4.11,12.67,9.0,1.46,4.86,4.49,552.93,139.72,1.0,287.55,10.67,64.94,51.79,0.0,-0.36
1.83,5.51,8.5,9.0,1.28,2.36,4.34,492.18,112.33,0.89,231.72,10.67,63.58,52.38,0.0,-0.66
4.74,3.86,8.95,9.0,0.69,6.43,4.23,452.68,107.01,0.81,186.27,11.07,65.15,53.52,13.0,4.0
2.48,5.51,8.5,9.0,1.34,5.79,4.38,523.14,126.15,0.93,256.78,10.85,65.2,52.22,0.0,-0.67
1.96,2.67,14.7,9.0,1.7,4.86,4.61,531.65,121.77,0.92,272.78,10.28,63.45,49.67,0.0,0.15
2.48,1.48,4.96,9.0,1.04,2.26,4.84,609.95,189.31,1.05,356.57,9.37,61.98,46.94,0.0,1.5
2.48,5.51,8.5,9.0,0.66,4.86,4.08,427.55,80.8,0.78,159.89,11.27,65.39,54.32,39.0,4.0
2.48,2.39,8.5,9.0,1.26,4.86,4.64,608.9,183.35,1.04,342.62,10.29,65.65,48.99,0.0,0.5
2.35,5.51,8.5,9.0,0.84,4.86,4.64,464.61,105.02,0.86,197.03,11.14,65.33,53.68,2.0,4.0
2.48,5.51,8.5,9.0,1.04,4.86,4.09,441.77,83.75,0.8,177.09,11.1,64.76,53.87,0.0,-1.42
2.48,2.73,11.88,9.0,1.72,5.46,4.9,528.85,117.81,0.96,272.67,10.24,62.67,50.23,0.0,0.32
2.48,2.21,8.5,9.0,1.95,4.86,4.83,654.04,179.29,1.06,392.72,9.78,64.8,46.71,0.0,1.22
2.48,5.51,14.17,9.0,1.04,6.25,4.34,458.15,95.2,0.83,189.69,11.17,65.64,53.57,0.0,-1.19
3.7,5.51,8.02,9.0,0.77,4.86,4.15,453.92,102.92,0.83,188.62,11.13,64.86,53.74,4.0,4.0
2.48,2.76,8.5,9.0,0.59,4.86,4.35,450.11,99.22,0.8,185.92,10.85,64.69,52.44,61.0,4.0
2.48,5.51,8.5,9.0,1.04,2.04,4.45,532.29,140.27,0.95,265.89,10.7,65.11,51.97,0.0,-0.43
2.48,5.51,4.68,9.0,1.04,7.11,4.24,477.86,108.09,0.87,213.11,11.0,64.76,53.58,0.0,-1.11
4.56,4.27,8.5,9.0,1.36,4.86,4.76,564.25,154.07,0.97,295.86,10.59,65.89,51.26,0.0,0.02
2.48,5.51,8.5,9.0,0.71,5.7,4.22,476.72,119.09,0.85,206.68,11.19,66.23,53.0,40.0,4.0
2.48,5.51,8.5,9.0,1.03,6.15,4.24,469.52,104.18,0.86,202.7,11.1,65.22,53.93,0.0,-1.23
2.96,2.81,12.43,9.0,1.45,4.86,4.66,568.97,160.1,1.03,309.31,10.37,63.6,50.62,0.0,0.18
4.71,5.51,3.95,9.0,1.04,6.87,4.33,515.37,137.31,0.92,248.87,10.88,65.22,52.72,0.0,-0.74
1.46,3.09,12.21,9.0,1.76,3.29,4.51,539.12,123.41,0.94,283.22,10.14,62.57,49.68,0.0,0.16
2.99,4.98,8.5,9.0,1.04,4.86,4.56,574.62,181.99,1.03,306.03,10.84,66.0,51.88,0.0,-0.25
2.48,5.51,8.5,9.0,1.04,4.76,4.26,493.3,118.22,0.89,226.3,11.02,65.31,53.58,0.0,-1.06
2.48,5.08,4.36,9.0,1.39,3.38,4.3,484.4,98.43,0.85,223.19,10.49,63.75,51.19,0.0,-0.5
4.94,5.12,8.5,9.0,1.03,6.15,4.58,510.94,135.0,0.92,241.98,10.96,65.92,52.7,0.0,-0.6
3.25,5.69,8.5,9.0,1.03,3.4,4.19,489.33,116.61,0.88,222.66,10.94,65.21,53.02,0.0,-1.01
3.16,2.06,4.31,9.0,0.73,6.15,4.43,515.2,144.1,0.89,255.92,10.36,63.5,50.34,9.0,4.0
2.48,5.51,8.5,9.0,1.79,6.15,4.43,512.98,106.36,0.93,253.52,10.55,63.3,51.86,0.0,-0.48
2.48,3.58,7.5,9.0,1.03,6.15,4.92,541.64,153.46,0.97,275.34,10.78,65.2,52.24,0.0,-0.1
2.48,5.51,8.5,9.0,1.03,6.15,4.24,469.52,104.18,0.86,202.7,11.1,65.22,53.93,0.0,-1.23
2.48,1.64,11.64,9.0,1.79,2.85,5.07,700.7,211.68,1.11,440.97,9.38,64.36,45.15,0.0,1.98
2.48,5.51,8.5,9.0,1.03,6.15,4.24,469.52,104.18,0.86,202.7,11.1,65.22,53.93,0.0,-1.23
4.94,3.07,6.17,9.0,0.66,4.79,4.24,458.16,110.72,0.83,196.36,10.8,64.03,52.88,9.0,4.0
4.94,5.12,4.48,9.0,1.03,6.15,4.43,539.63,157.4,0.96,270.18,10.78,66.18,51.62,0.0,-0.39
4.12,4.86,9.88,9.0,1.03,4.21,4.32,487.75,114.59,0.87,219.86,10.92,65.58,52.54,0.0,-0.84
3.07,5.12,10.1,9.0,0.61,5.31,4.09,440.17,95.0,0.79,171.29,11.26,65.68,53.8,58.0,4.0
3.35,2.42,8.5,9.0,1.03,6.15,4.57,568.91,179.53,0.99,306.83,10.5,64.22,50.83,0.0,0.08
4.94,5.12,6.15,9.0,1.03,5.74,4.27,497.14,123.89,0.9,230.67,10.93,65.19,53.25,0.0,-0.94
4.94,5.12,8.5,9.0,1.03,2.55,4.56,578.94,181.62,1.02,309.7,10.66,66.05,51.49,0.0,-0.09
3.96,3.9,8.5,9.0,1.03,2.25,4.51,517.9,134.69,0.93,257.37,10.52,63.73,51.84,0.0,-0.28
2.95,5.51,8.5,9.0,1.04,5.9,4.34,496.94,123.97,0.91,230.29,11.06,65.2,53.59,0.0,-1.0
4.94,5.12,7.4,9.0,1.03,5.32,4.16,454.91,92.24,0.82,188.93,10.99,65.06,53.35,0.0,-1.2
3.97,1.73,14.73,9.0,1.03,4.86,5.26,678.73,267.76,1.05,411.55,10.08,66.43,47.78,0.0,1.61
2.93,5.25,7.56,9.0,1.04,5.74,4.15,503.31,128.42,0.9,236.48,11.02,65.26,53.27,0.0,-1.07
4.94,5.12,5.05,9.0,0.52,6.77,4.21,474.41,130.15,0.85,206.42,11.18,65.58,53.47,62.0,4.0
4.94,3.46,6.15,9.0,1.03,5.74,4.65,520.1,141.15,0.93,254.24,10.71,65.12,52.07,0.0,-0.29
4.94,5.12,14.15,9.0,1.93,7.11,4.81,683.16,222.83,1.15,415.95,10.29,65.92,49.42,0.0,0.75
2.48,5.51,6.15,9.0,1.03,5.74,4.34,530.18,146.14,0.95,261.11,10.96,65.84,52.62,0.0,-0.73
4.94,3.46,12.42,9.0,0.65,3.36,4.53,528.09,171.27,0.97,262.81,10.79,64.87,52.44,9.0,4.0
4.94,3.46,4.57,9.0,1.03,5.74,4.23,487.78,119.03,0.88,227.41,10.66,63.67,52.3,0.0,-0.71
4.94,4.63,8.41,9.0,1.03,5.74,4.88,595.0,204.76,1.03,324.57,10.75,67.01,51.35,0.0,0.21
4.94,2.31,6.15,9.0,1.03,6.38,4.7,588.78,199.5,1.05,326.83,10.34,64.28,50.56,0.0,0.4
4.72,2.19,11.6,9.0,1.17,5.74,4.79,584.24,187.8,0.97,320.47,10.37,65.06,50.24,0.0,0.44
4.94,4.14,6.15,9.0,0.99,5.74,4.2,475.35,109.14,0.85,209.8,10.91,64.95,52.96,0.0,-1.0
3.41,3.88,7.48,9.0,1.0,2.04,4.38,534.99,147.76,0.96,273.7,10.46,63.92,51.09,0.0,-0.2
4.94,2.93,6.15,9.0,1.03,4.03,4.53,547.48,163.77,0.99,285.04,10.47,64.3,51.06,0.0,-0.02
2.48,3.97,8.5,9.0,1.78,4.86,4.32,505.79,99.03,0.91,247.71,10.38,63.06,51.16,0.0,-0.41
2.48,5.51,13.53,9.0,1.04,5.35,4.76,477.72,110.71,0.86,211.35,11.06,65.15,53.21,0.0,-0.69
2.87,5.51,14.82,9.0,1.07,4.86,4.23,484.47,114.94,0.87,217.49,11.11,65.27,53.79,0.0,-1.18
2.69,5.03,4.23,9.0,1.04,2.65,4.49,461.2,89.88,0.83,199.18,10.66,64.07,51.99,0.0,-0.59
3.79,5.34,8.5,9.0,1.96,4.5,4.32,538.86,118.45,0.95,279.12,10.28,63.56,50.12,0.0,-0.14
2.48,2.01,8.5,9.0,1.04,4.86,4.77,600.4,188.86,1.03,336.04,10.25,65.34,49.33,0.0,0.61
4.45,5.51,7.76,9.0,1.33,4.86,4.18,476.28,98.86,0.86,213.39,10.84,64.23,53.1,0.0,-1.04
4.81,4.3,8.5,9.0,1.05,4.86,4.34,497.47,124.01,0.89,232.32,10.91,64.88,53.13,0.0,-0.85
3.07,5.51,12.03,9.0,1.04,4.57,4.53,469.71,106.27,0.86,204.93,11.03,64.77,53.75,0.0,-0.93
3.45,4.94,8.5,9.0,1.04,4.86,4.26,510.59,131.77,0.9,241.92,10.94,65.78,52.77,0.0,-0.86
3.25,1.8,8.5,9.0,0.76,4.86,4.74,545.15,170.24,0.94,287.47,10.27,63.13,50.85,2.0,4.0
2.38,2.0,5.32,9.0,1.53,6.83,4.9,561.14,139.87,0.98,303.36,9.96,63.27,48.71,0.0,0.76
1.87,5.08,7.57,9.0,1.23,4.86,4.44,516.91,130.03,0.93,252.1,10.83,64.74,52.69,0.0,-0.65
2.48,5.51,13.87,9.0,1.56,6.06,4.52,537.02,128.85,0.97,272.74,10.74,64.66,52.03,0.0,-0.46
4.5,2.12,9.98,9.0,1.04,6.26,5.27,823.01,387.3,1.2,544.38,10.22,69.57,46.43,0.0,2.18
2.48,5.51,8.5,9.0,0.87,5.6,4.32,473.51,111.22,0.86,206.47,11.16,65.3,53.62,1.0,4.0
2.65,1.51,12.6,9.0,0.76,2.76,4.9,557.15,167.75,0.97,300.6,9.85,62.8,49.33,3.0,4.0
3.65,5.51,8.5,9.0,1.92,4.86,4.77,616.95,176.64,1.09,356.05,10.24,63.87,50.14,0.0,0.47
2.33,4.44,5.27,9.0,1.04,4.86,4.65,477.69,107.31,0.87,215.15,10.8,64.23,52.22,0.0,-0.51
4.58,5.51,8.5,9.0,0.69,2.44,4.26,488.61,131.55,0.88,221.91,11.0,65.13,53.04,10.0,4.0
4.59,5.51,9.37,9.0,1.57,6.61,4.18,497.71,106.75,0.87,233.83,10.73,64.46,52.07,0.0,-0.81
2.48,5.51,8.5,9.0,1.04,4.86,4.09,441.77,83.75,0.8,177.09,11.1,64.76,53.87,0.0,-1.42
2.35,5.69,11.75,9.0,0.52,4.85,4.04,416.36,77.13,0.76,148.56,11.4,65.45,54.63,82.0,4.0
2.48,3.1,6.52,9.0,1.04,6.53,4.35,491.92,116.36,0.88,229.68,10.72,64.21,52.09,0.0,-0.64
3.05,4.86,9.59,9.0,1.04,5.63,4.51,544.76,158.25,0.99,276.0,10.96,65.79,52.67,0.0,-0.56
2.33,3.82,13.66,9.0,1.04,4.86,4.52,498.24,120.57,0.89,230.81,10.93,65.39,52.74,0.0,-0.7
2.33,4.44,5.27,9.0,1.84,2.91,4.33,543.18,115.23,0.93,283.29,10.07,63.59,49.26,0.0,0.08
4.44,2.99,11.28,9.0,1.69,2.3,4.73,683.28,212.9,1.05,415.35,9.9,66.5,46.83,0.0,1.19
2.33,1.72,5.27,9.0,1.4,4.69,4.79,574.26,152.7,1.0,320.87,9.72,62.03,48.43,0.0,0.91
2.33,4.44,8.9,9.0,1.04,4.86,4.34,533.14,145.91,0.96,264.82,10.93,65.66,52.8,0.0,-0.74
3.63,4.67,7.64,9.0,1.04,5.99,4.11,456.19,93.84,0.82,190.51,11.02,65.02,53.72,0.0,-1.3
2.33,4.27,5.27,9.0,1.04,4.86,4.3,454.91,88.55,0.81,190.65,10.87,64.62,52.62,0.0,-0.95
2.33,3.82,13.66,9.0,1.41,4.97,4.5,533.31,132.63,0.97,270.44,10.69,64.27,51.85,0.0,-0.41
2.33,3.16,10.11,9.0,0.85,3.95,4.53,503.54,134.35,0.9,240.03,10.76,64.49,51.97,3.0,4.0
2.33,5.52,9.25,9.0,1.04,5.78,4.2,463.4,102.09,0.85,198.11,11.08,64.88,53.78,0.0,-1.24
2.48,5.51,11.49,9.0,0.86,3.9,4.14,484.71,119.71,0.86,215.94,11.14,65.78,52.82,0.0,-1.13
2.48,3.82,8.5,9.0,1.91,4.04,4.31,538.85,115.61,0.97,281.99,10.18,62.61,49.92,0.0,-0.08
2.33,5.51,13.17,9.0,0.59,6.01,4.26,425.61,83.1,0.78,157.16,11.38,65.56,54.34,79.0,4.0
2.33,3.82,5.83,9.0,1.06,4.86,4.69,470.85,101.73,0.85,208.8,10.77,64.15,52.49,0.0,-0.51
2.33,4.79,12.0,9.0,1.04,2.55,4.37,505.35,126.96,0.91,241.41,10.78,64.51,52.41,0.0,-0.65
4.46,5.44,8.5,9.0,1.04,4.86,4.34,504.93,130.27,0.9,237.76,10.99,65.36,53.07,0.0,-0.87
2.48,2.5,8.5,9.0,1.04,4.86,4.62,535.18,145.59,0.97,273.53,10.49,64.07,51.33,0.0,-0.07
2.48,3.04,14.72,9.0,1.04,4.86,4.59,518.43,136.2,0.94,253.83,10.76,64.77,52.49,0.0,-0.44
2.69,3.95,11.35,9.0,1.81,7.32,4.53,540.67,123.21,0.95,277.38,10.47,64.46,50.99,0.0,-0.18
4.2,4.21,8.5,9.0,0.72,3.23,4.7,502.48,142.13,0.91,235.74,10.9,65.12,53.04,7.0,4.0
2.48,5.51,9.19,9.0,0.68,4.86,4.21,439.79,91.62,0.8,172.67,11.25,65.34,53.83,43.0,4.0
2.48,5.51,9.59,9.0,1.48,4.34,4.49,552.95,140.05,0.99,287.24,10.7,65.06,51.55,0.0,-0.35
1.72,5.51,6.68,9.0,1.04,3.38,4.6,459.44,92.35,0.83,193.65,10.94,64.88,53.18,0.0,-0.81
2.59,5.51,9.59,9.0,1.48,4.34,4.32,500.67,107.09,0.89,236.48,10.71,64.57,52.02,0.0,-0.68
2.24,2.67,8.93,9.0,1.17,4.34,4.63,532.11,139.33,0.96,272.64,10.45,63.53,50.99,0.0,-0.03
4.22,5.51,9.59,9.0,1.48,2.94,4.23,482.7,95.45,0.85,220.0,10.6,64.14,51.67,0.0,-0.69
1.54,5.69,10.28,9.0,1.39,2.43,4.34,504.1,124.07,0.91,242.9,10.63,63.78,52.28,0.0,-0.58
4.37,5.51,9.59,9.0,1.48,4.34,4.5,565.73,151.21,0.99,299.96,10.63,65.05,51.43,0.0,-0.24
2.48,5.51,14.91,9.0,0.62,4.34,4.16,434.97,89.14,0.79,165.86,11.34,65.75,54.24,56.0,4.0
2.48,2.01,9.59,9.0,1.48,2.0,4.71,604.92,163.29,1.03,347.91,9.58,63.23,46.86,0.0,1.17
2.48,5.4,9.91,9.0,1.6,4.34,4.27,487.18,94.95,0.87,225.11,10.67,64.06,52.16,0.0,-0.76
3.64,2.11,9.59,9.0,0.79,4.34,5.1,553.74,181.16,0.99,295.58,10.34,63.22,51.23,1.0,4.0
2.59,5.51,10.29,9.0,1.48,4.34,4.38,581.98,159.49,1.03,313.6,10.68,66.08,51.11,0.0,-0.29
3.31,4.64,9.59,9.0,0.83,6.06,4.57,469.28,113.47,0.85,203.82,11.09,64.82,53.59,2.0,4.0
2.34,5.51,9.59,9.0,0.95,5.73,4.08,442.4,85.91,0.81,175.5,11.19,65.29,54.03,0.0,-1.49
2.59,2.79,9.59,9.0,1.48,4.34,5.33,563.19,147.35,1.01,302.94,10.25,63.76,50.09,0.0,0.78
2.59,3.45,9.59,9.0,1.68,2.4,4.45,534.97,117.48,0.94,279.0,10.05,62.46,49.24,0.0,0.2
3.39,5.0,9.59,9.0,1.38,2.75,4.53,577.89,161.66,1.01,311.37,10.5,65.3,50.97,0.0,-0.04
3.11,3.82,9.59,9.0,1.31,4.34,4.89,551.72,151.82,0.98,287.86,10.57,64.52,51.19,0.0,0.13
2.34,5.51,9.59,9.0,1.44,7.86,4.48,620.02,189.46,1.05,349.08,10.77,67.14,50.47,0.0,-0.07
2.34,1.72,11.81,9.0,0.95,5.73,4.82,560.5,167.95,0.99,300.82,10.22,63.69,50.09,0.0,0.49
4.99,2.09,13.08,9.0,0.83,4.94,5.23,693.2,294.95,1.16,423.45,10.3,67.14,48.7,17.0,4.0
3.17,4.64,9.42,9.0,0.89,5.73,4.26,473.76,113.53,0.85,206.13,11.07,65.45,53.05,0.0,-1.05
3.26,1.89,13.38,9.0,0.69,3.05,4.68,546.03,173.18,0.93,287.18,10.22,63.41,50.1,5.0,4.0
3.31,2.87,5.83,9.0,1.63,6.06,4.47,538.32,132.87,0.92,281.94,10.22,62.62,50.22,0.0,0.06
2.15,5.51,13.8,9.0,1.82,3.13,4.46,539.3,127.98,0.94,276.05,10.41,64.44,50.22,0.0,-0.09
2.86,5.29,9.59,9.0,0.83,5.73,4.25,444.62,92.13,0.81,178.28,11.17,65.11,53.71,0.0,-1.29
2.34,1.48,13.08,9.0,0.83,5.73,4.91,639.62,230.23,1.04,374.45,10.03,65.97,47.52,3.0,4.0
4.77,4.02,11.14,9.0,0.95,4.94,4.34,482.58,119.5,0.87,216.05,10.95,65.18,52.93,0.0,-0.87
1.85,5.49,8.05,9.0,1.79,5.99,4.22,516.78,123.23,0.93,256.46,10.52,63.57,51.31,0.0,-0.49
4.99,2.09,11.72,9.0,1.01,3.55,5.34,820.36,386.03,1.33,545.54,9.96,68.48,46.98,0.0,2.33
3.1,3.64,9.59,9.0,0.95,5.73,4.5,504.6,132.07,0.91,238.52,10.91,65.06,53.06,0.0,-0.69
1.88,5.57,9.59,9.0,1.63,5.73,4.59,571.04,163.32,1.0,305.42,10.57,65.32,50.78,0.0,-0.01
4.99,5.51,13.91,9.0,0.83,5.32,4.49,460.24,108.53,0.84,193.13,11.16,65.27,54.05,0.0,-1.07
4.25,2.35,13.08,9.0,0.95,5.22,4.62,555.94,175.68,0.99,293.55,10.5,64.58,50.82,0.0,0.11
1.74,1.77,9.82,9.0,0.54,5.73,4.47,459.16,103.86,0.83,200.66,10.5,63.17,51.44,102.0,4.0
3.21,5.51,4.49,9.0,0.95,2.27,5.89,1043.1,599.06,1.56,760.9,10.13,70.45,46.62,0.0,3.57
1.92,5.51,11.6,9.0,1.39,5.73,4.22,485.21,104.29,0.89,221.1,10.9,64.6,52.88,0.0,-0.99
3.24,3.79,9.59,9.0,0.95,3.88,4.67,469.16,104.86,0.86,205.24,10.86,64.6,53.32,0.0,-0.67
2.34,4.04,9.59,9.0,0.53,7.46,4.29,419.53,80.57,0.78,153.57,11.28,65.0,54.83,116.0,4.0
2.09,5.51,9.59,9.0,0.95,5.73,4.33,470.82,105.96,0.83,201.02,11.16,65.99,52.97,0.0,-1.07
4.73,5.51,10.41,9.0,0.95,5.73,4.58,500.42,134.96,0.9,234.08,11.06,65.05,53.65,0.0,-0.78
2.2,5.51,9.59,9.0,0.95,5.73,4.19,479.09,111.32,0.85,208.6,11.19,66.15,53.3,0.0,-1.22
2.88,1.53,4.41,9.0,0.71,5.73,4.67,518.05,139.48,0.92,261.88,10.02,62.58,50.13,3.0,4.0
2.2,5.51,9.59,9.0,0.95,5.73,4.19,479.09,111.32,0.85,208.6,11.19,66.15,53.3,0.0,-1.22
3.28,2.48,9.59,9.0,1.74,6.55,4.7,596.54,159.34,1.0,334.91,10.09,64.3,48.65,0.0,0.61
2.2,5.51,13.94,9.0,0.73,5.73,4.16,441.63,91.95,0.8,173.58,11.31,65.5,54.23,23.0,4.0
2.0,2.17,9.72,9.0,0.95,6.5,4.51,475.71,108.45,0.88,217.08,10.53,63.27,51.94,0.0,-0.41
3.68,5.51,14.94,9.0,1.81,5.73,4.53,576.25,146.66,1.0,311.25,10.49,65.0,50.81,0.0,-0.08
2.84,4.39,9.59,9.0,1.09,7.42,4.63,495.66,121.54,0.9,229.98,10.99,64.96,53.36,0.0,-0.72
2.03,5.51,4.18,9.0,0.95,6.73,4.24,481.22,111.18,0.86,213.03,11.05,65.59,53.25,0.0,-1.09
2.0,1.57,9.72,9.0,1.22,6.5,4.86,574.39,163.19,0.98,315.59,9.97,63.79,48.35,0.0,0.86
2.0,2.17,4.62,9.0,1.37,6.5,4.62,528.37,127.0,0.95,275.19,10.09,61.9,50.26,0.0,0.23
4.35,4.75,7.54,9.0,0.95,6.5,4.13,482.65,116.47,0.84,215.48,11.01,65.41,52.4,0.0,-1.02
3.24,5.0,9.72,9.0,0.95,6.5,4.17,462.65,100.24,0.82,193.31,11.12,65.92,53.31,0.0,-1.24
2.52,2.17,9.72,9.0,0.95,2.27,4.59,547.05,151.61,0.96,287.88,10.06,63.48,49.31,0.0,0.44
1.46,3.6,5.44,9.0,1.65,2.0,4.14,462.11,73.94,0.83,210.46,9.97,61.12,50.21,0.0,-0.29
2.0,2.63,7.52,9.0,1.54,6.5,4.74,605.43,176.83,1.07,345.38,10.24,63.84,49.77,0.0,0.49
2.0,2.17,14.67,9.0,0.94,7.2,4.85,556.16,167.94,1.01,293.15,10.52,64.59,51.08,0.0,0.21
4.13,2.33,11.95,9.0,0.95,2.27,4.53,497.45,122.7,0.89,239.97,10.24,62.98,51.09,0.0,-0.05
3.99,1.83,9.99,9.0,1.85,5.05,5.55,782.62,287.98,1.18,517.24,9.59,66.04,45.53,0.0,2.49
2.34,5.51,9.11,9.0,0.56,7.76,4.04,422.87,81.13,0.76,153.95,11.43,65.76,54.12,88.0,4.0
2.34,5.51,9.1,9.0,1.29,7.43,4.67,470.84,96.22,0.86,204.76,10.99,65.0,53.17,0.0,-0.77
2.57,5.51,7.38,9.0,1.99,3.74,4.4,539.89,117.12,0.97,283.55,10.21,62.46,50.34,0.0,-0.07
3.18,5.51,10.52,9.0,1.78,7.26,4.61,511.07,110.09,0.91,247.58,10.59,64.37,51.54,0.0,-0.31
2.63,2.68,10.31,9.0,1.28,5.83,4.64,562.13,160.29,1.03,302.34,10.45,63.62,51.01,0.0,0.07
2.34,5.51,11.58,9.0,0.73,5.73,4.4,453.23,101.07,0.81,184.04,11.26,65.72,53.58,21.0,4.0
2.34,5.51,9.59,9.0,1.27,7.29,4.47,569.31,163.09,1.01,298.91,10.93,66.26,52.55,0.0,-0.54
3.7,5.08,4.82,9.0,1.96,4.03,4.63,597.25,154.25,1.04,339.54,10.09,62.81,49.72,0.0,0.41
4.97,5.51,8.62,9.0,0.95,5.73,4.27,487.45,124.09,0.89,221.29,11.08,65.12,53.86,0.0,-1.1
2.34,4.25,9.59,9.0,0.69,5.73,4.27,445.44,93.0,0.78,175.96,11.17,65.9,52.92,35.0,4.0
2.34,5.51,9.59,9.0,0.95,7.16,4.32,454.18,97.44,0.85,189.07,11.2,64.82,54.37,0.0,-1.31
5.0,5.51,9.59,9.0,0.95,5.64,4.67,579.41,197.32,1.05,310.17,10.96,65.96,52.78,0.0,-0.28
3.01,4.88,11.55,9.0,0.96,6.01,4.2,454.88,95.27,0.82,187.28,11.12,65.45,53.01,0.0,-1.2
2.34,5.51,9.37,9.0,1.46,5.73,4.45,532.39,132.89,0.97,270.27,10.75,64.0,52.82,0.0,-0.6
2.42,5.51,9.59,9.0,0.83,5.73,4.75,468.3,109.57,0.85,200.2,11.2,65.56,53.6,2.0,4.0
2.34,5.51,8.67,9.0,0.62,5.73,4.2,426.63,80.23,0.77,157.65,11.34,65.7,54.19,62.0,4.0
2.34,5.51,8.75,9.0,0.95,5.73,4.15,483.24,114.53,0.86,213.77,11.1,65.95,52.79,0.0,-1.12
2.34,5.51,9.59,9.0,0.95,7.56,4.51,502.73,133.63,0.92,236.05,11.14,65.24,53.92,0.0,-0.92
2.34,3.82,9.59,9.0,0.95,5.27,4.51,528.77,149.31,0.95,262.26,10.93,65.18,53.18,0.0,-0.64
2.98,5.51,10.55,9.0,1.02,5.73,4.35,482.68,115.02,0.87,215.85,11.1,65.25,53.75,0.0,-1.08
1.25,5.51,14.19,9.0,0.95,5.43,4.36,481.8,123.03,0.9,214.85,11.21,65.3,54.37,0.0,-1.18
2.34,4.14,9.59,9.0,0.75,5.73,4.39,488.52,128.5,0.86,220.76,11.12,65.48,52.91,26.0,4.0
2.34,5.51,9.59,9.0,0.83,7.56,4.19,464.76,106.74,0.84,195.65,11.25,65.76,53.76,6.0,4.0
2.34,5.51,7.95,9.0,1.6,7.56,4.55,550.94,135.26,0.99,288.53,10.63,64.11,51.8,0.0,-0.31
2.34,5.06,10.28,9.0,0.95,6.51,4.25,487.73,118.6,0.87,217.73,11.1,66.12,52.9,0.0,-1.04
1.9,3.39,9.59,9.0,0.95,5.41,4.49,475.06,110.74,0.87,212.95,10.87,64.2,53.23,0.0,-0.78
2.34,4.6,9.59,9.0,0.95,7.56,4.15,496.31,124.71,0.88,227.91,11.09,65.68,52.52,0.0,-1.04
2.34,5.19,5.51,9.0,1.49,4.87,4.19,486.17,98.99,0.89,228.0,10.62,62.99,52.54,0.0,-0.82
2.34,3.03,14.03,9.0,1.8,7.56,4.72,650.64,191.42,1.09,385.25,10.26,65.59,49.08,0.0,0.61
3.9,5.51,14.48,9.0,0.95,7.56,4.56,543.1,166.71,1.01,274.06,11.08,65.95,53.66,0.0,-0.68
4.22,5.51,14.74,9.0,0.95,5.73,4.25,471.98,110.57,0.85,203.21,11.15,65.71,53.34,0.0,-1.15
4.11,5.51,9.59,9.0,0.56,7.06,4.18,448.73,106.1,0.8,178.58,11.35,66.22,53.84,70.0,4.0
3.34,3.39,11.59,9.0,0.95,3.42,4.39,478.42,112.55,0.86,214.51,10.77,64.61,52.55,0.0,-0.71
2.09,4.19,9.59,9.0,0.95,5.57,4.27,466.52,102.96,0.84,200.36,11.03,65.06,53.16,0.0,-1.07
2.34,2.17,9.59,9.0,0.95,5.53,4.65,547.37,161.09,0.98,287.66,10.44,63.64,51.33,0.0,0.05
3.27,5.51,9.59,9.0,0.95,5.73,4.4,548.0,168.64,0.99,277.81,11.02,66.19,52.89,0.0,-0.66
2.25,4.8,14.22,9.0,0.95,5.41,4.18,473.07,108.25,0.84,204.4,11.11,65.7,52.81,0.0,-1.13
4.71,3.35,7.18,9.0,0.95,5.41,4.55,574.26,187.98,1.0,305.06,10.72,66.39,51.17,0.0,-0.08
2.34,1.61,5.25,9.0,0.95,5.73,4.77,611.46,200.27,1.01,350.51,9.95,64.42,47.75,0.0,1.03
4.28,5.51,9.59,9.0,0.92,5.51,4.12,450.12,94.14,0.8,181.63,11.14,65.71,53.37,0.0,-1.32
2.34,3.35,9.59,9.0,0.95,2.73,4.65,587.73,188.77,1.05,321.59,10.55,65.29,51.23,0.0,0.1
3.4,5.51,6.53,9.0,0.95,5.73,4.33,481.38,116.88,0.87,216.29,11.05,64.83,53.64,0.0,-1.04
3.42,5.51,9.59,9.0,0.95,5.73,4.47,523.3,148.76,0.95,254.09,11.06,65.85,53.34,0.0,-0.77
2.34,2.34,9.59,9.0,1.5,5.73,4.64,530.54,126.82,0.95,275.11,10.22,62.51,50.31,0.0,0.15
2.34,2.84,9.59,9.0,0.95,4.58,4.44,482.84,111.28,0.88,220.05,10.71,64.34,52.36,0.0,-0.61
4.99,3.05,9.59,9.0,0.95,5.73,4.2,449.95,98.15,0.81,189.33,10.84,63.77,52.76,0.0,-0.98
2.34,2.16,8.51,9.0,0.95,3.33,4.8,585.42,186.8,1.03,325.74,10.21,63.64,49.68,0.0,0.61
1.62,1.61,10.94,9.0,0.95,5.73,4.89,575.41,173.98,1.0,316.66,10.09,63.86,49.21,0.0,0.75
2.39,1.61,5.25,9.0,1.68,5.73,4.76,584.47,145.35,0.99,330.19,9.58,62.42,47.21,0.0,1.09
2.34,1.61,8.0,9.0,1.26,5.73,4.92,692.85,239.65,1.09,427.2,9.86,66.06,46.52,0.0,1.51
2.34,2.8,5.25,9.0,1.44,3.15,4.43,552.96,137.2,0.95,293.99,10.08,63.45,49.26,0.0,0.25
2.6,1.61,12.9,9.0,1.79,5.73,5.26,728.39,243.38,1.16,465.19,9.63,65.39,46.13,0.0,1.98
2.34,1.61,11.04,9.0,1.67,4.53,4.95,667.83,203.32,1.05,408.58,9.62,64.14,46.02,0.0,1.59
2.34,4.09,5.72,9.0,0.52,6.27,4.15,418.05,76.4,0.76,152.47,11.2,64.83,54.02,101.0,4.0
1.62,1.61,13.65,9.0,1.57,5.73,5.01,711.77,236.1,1.13,444.38,9.83,66.52,46.22,0.0,1.62
3.17,4.72,10.94,9.0,1.88,3.58,4.75,689.57,226.16,1.14,423.16,10.18,65.86,48.17,0.0,0.93
1.62,1.61,14.97,9.0,1.94,6.89,5.24,724.23,226.79,1.15,460.47,9.62,65.59,45.54,0.0,1.97
1.62,5.72,10.94,9.0,0.95,5.73,4.31,518.2,144.39,0.93,249.27,11.15,65.79,53.56,0.0,-0.99
1.62,1.86,9.86,9.0,0.72,2.93,4.73,484.61,114.56,0.88,228.77,10.2,62.34,51.69,27.0,4.0
2.8,2.67,10.94,9.0,0.69,5.73,4.54,490.61,135.55,0.92,229.67,10.77,63.77,52.95,29.0,4.0
1.62,5.64,10.94,9.0,1.11,5.73,4.48,505.86,130.79,0.9,237.06,11.07,65.78,52.98,0.0,-0.8
1.62,1.61,13.06,9.0,1.72,5.73,4.92,641.6,183.47,1.03,379.86,9.76,64.88,46.52,0.0,1.34
3.21,5.51,9.86,9.0,0.95,2.93,4.44,498.95,128.38,0.9,233.18,10.94,65.01,53.14,0.0,-0.78
2.34,5.11,9.59,9.0,0.72,3.24,4.26,449.3,94.46,0.8,181.93,11.16,65.32,53.42,22.0,4.0
1.62,3.84,12.99,9.0,0.72,2.93,4.16,454.15,94.77,0.8,186.78,10.97,65.31,52.53,42.0,4.0
1.62,2.47,10.25,9.0,1.72,2.93,4.47,545.0,123.92,0.95,290.15,9.92,62.28,49.16,0.0,0.33
2.34,5.51,9.59,9.0,0.85,5.73,4.43,494.62,127.47,0.9,225.24,11.15,65.9,53.37,1.0,4.0
1.54,5.51,5.55,9.0,0.95,7.7,4.66,466.46,101.37,0.82,196.8,11.1,66.06,52.7,0.0,-0.77
1.9,1.86,7.08,9.0,0.51,2.93,4.33,455.19,94.86,0.8,197.07,10.25,63.01,50.51,57.0,4.0
2.21,5.51,9.59,9.0,0.87,4.83,4.28,483.76,117.93,0.86,214.17,11.12,66.01,52.85,0.0,-1.02
3.01,5.51,9.59,9.0,1.07,5.73,4.06,457.09,91.44,0.82,188.83,11.1,65.63,53.25,0.0,-1.34
3.74,5.51,12.88,9.0,1.79,5.32,4.61,619.33,174.16,1.05,350.57,10.42,66.38,49.29,0.0,0.32
2.53,5.51,9.59,9.0,0.95,5.73,4.29,515.69,140.29,0.91,246.23,11.06,65.97,52.8,0.0,-0.88
4.93,5.51,6.96,9.0,0.93,5.73,5.4,716.84,317.05,1.24,443.49,10.69,67.76,51.01,0.0,1.16
2.34,5.51,10.3,9.0,0.53,5.73,4.12,420.17,80.22,0.76,152.1,11.43,65.58,54.67,101.0,4.0
2.36,5.53,9.59,9.0,1.36,5.73,4.52,547.09,144.25,0.99,281.76,10.8,64.95,52.57,0.0,-0.5
2.34,5.51,7.76,9.0,0.95,2.1,4.1,457.7,90.67,0.82,192.89,10.85,64.64,52.65,0.0,-1.08
2.31,5.51,9.59,9.0,1.44,5.61,4.12,469.35,91.38,0.84,205.76,10.82,64.47,52.56,0.0,-1.04
2.34,1.65,9.59,9.0,1.09,6.85,4.76,546.84,148.03,0.96,287.51,10.18,63.66,50.06,0.0,0.39
2.34,2.5,7.15,9.0,0.95,5.73,4.59,503.56,128.55,0.9,243.49,10.55,63.67,51.77,0.0,-0.26
1.3,5.51,12.64,9.0,1.48,5.73,4.46,509.77,132.86,0.9,243.32,10.81,65.21,51.64,0.0,-0.49
4.09,4.3,9.59,9.0,0.95,5.73,4.26,487.1,121.05,0.88,220.17,11.02,65.26,53.22,0.0,-1.01
2.34,1.96,9.59,9.0,0.95,5.73,4.67,601.94,196.97,1.03,337.21,10.31,65.42,49.14,0.0,0.55
2.34,1.72,4.83,9.0,0.71,5.73,4.5,483.51,115.33,0.88,228.13,10.21,62.36,50.99,7.0,4.0
2.34,5.51,7.22,9.0,0.95,4.59,4.11,459.52,96.4,0.81,191.73,11.05,65.41,53.31,0.0,-1.26
2.34,5.51,9.63,9.0,0.95,5.73,4.28,473.51,110.02,0.86,206.4,11.13,65.32,53.87,0.0,-1.18
4.28,5.51,9.59,9.0,1.98,5.73,4.44,558.06,125.07,0.98,296.17,10.38,64.05,50.72,0.0,-0.16
2.04,5.51,7.99,9.0,0.95,5.73,4.09,455.9,95.51,0.83,188.58,11.17,65.35,53.7,0.0,-1.4
2.34,5.51,9.59,9.0,1.47,5.73,4.54,559.46,150.38,1.01,295.63,10.71,64.56,52.39,0.0,-0.38
2.34,5.51,7.2,9.0,0.95,3.44,4.37,521.49,142.5,0.92,253.71,10.93,65.53,52.62,0.0,-0.71
2.97,2.67,8.55,9.0,0.83,5.73,4.46,508.18,140.56,0.91,245.36,10.7,64.36,52.19,2.0,4.0
3.39,5.51,12.58,9.0,0.92,5.73,4.25,461.1,101.03,0.82,191.39,11.17,65.96,53.43,0.0,-1.22
2.34,2.69,10.12,9.0,1.75,7.97,5.19,643.34,184.36,1.08,379.9,10.17,65.15,48.66,0.0,1.05
2.34,5.51,13.65,9.0,0.95,6.68,4.19,475.27,112.28,0.86,207.92,11.19,65.35,53.4,0.0,-1.23
2.34,5.51,9.59,9.0,1.03,5.73,4.3,474.07,106.04,0.84,205.51,11.09,65.73,53.12,0.0,-1.07
2.34,5.51,13.87,9.0,0.95,2.15,4.26,449.2,86.1,0.81,184.37,10.94,64.7,53.16,0.0,-1.1
2.34,5.51,8.94,9.0,0.96,6.94,4.23,449.7,91.08,0.81,181.61,11.18,65.54,53.5,0.0,-1.29
2.34,5.51,9.59,9.0,1.92,7.1,4.43,545.52,129.5,0.98,284.61,10.48,63.86,51.21,0.0,-0.27
2.97,5.51,9.59,9.0,0.92,7.95,4.3,506.68,137.39,0.9,237.64,11.12,65.93,52.9,0.0,-0.93
3.33,5.51,10.01,9.0,0.86,5.73,4.35,523.1,156.01,0.94,254.7,11.1,65.7,53.32,0.0,-0.85
1.75,5.51,9.65,9.0,0.68,5.19,4.24,440.36,88.24,0.79,170.77,11.29,66.05,53.68,60.0,4.0
1.7,5.51,12.2,9.0,1.04,5.73,4.51,491.37,120.8,0.9,223.87,11.12,65.35,53.62,0.0,-0.92
4.84,5.51,13.87,9.0,0.95,5.73,4.37,525.75,153.37,0.94,254.97,11.01,66.49,52.64,0.0,-0.71
2.34,3.89,13.17,9.0,0.95,2.15,4.91,508.41,131.63,0.92,246.19,10.64,64.07,52.16,0.0,-0.1
3.8,2.24,9.59,9.0,1.53,5.9,4.8,675.29,222.47,1.05,408.62,10.15,66.24,48.09,0.0,0.98
2.34,5.51,9.59,9.0,0.95,5.73,4.08,442.4,85.91,0.81,175.5,11.19,65.29,54.03,0.0,-1.49
2.34,5.51,9.59,9.0,0.95,2.15,4.61,456.33,93.18,0.84,193.09,10.88,64.33,53.36,0.0,-0.78
4.47,4.82,12.9,9.0,0.95,5.73,4.56,473.26,113.67,0.86,208.05,11.06,64.86,53.64,0.0,-0.88
4.85,5.51,5.74,9.0,0.95,2.52,4.51,494.46,122.77,0.88,230.42,10.75,64.52,52.53,0.0,-0.56
2.34,5.51,13.87,9.0,0.95,5.73,4.06,444.29,89.19,0.81,177.57,11.22,65.23,54.29,0.0,-1.55
4.48,5.51,11.3,9.0,1.2,2.46,4.61,565.56,162.69,1.01,299.06,10.62,65.23,51.98,0.0,-0.17
2.34,5.51,5.11,9.0,0.95,3.09,4.31,475.44,107.19,0.86,211.57,10.89,64.53,52.93,0.0,-0.91
2.34,5.51,13.87,9.0,1.95,7.5,4.27,473.29,88.18,0.86,213.97,10.56,63.18,51.54,0.0,-0.65
2.29,5.51,5.57,9.0,1.48,5.95,4.29,500.04,106.62,0.89,236.79,10.7,64.33,51.96,0.0,-0.7
3.82,4.37,13.87,9.0,0.9,5.81,4.16,468.86,110.59,0.84,202.29,11.09,65.16,53.08,0.0,-1.16
2.22,1.82,11.25,9.0,0.73,5.73,4.79,537.41,162.82,0.97,277.62,10.38,63.68,50.96,20.0,4.0
1.49,5.51,13.87,9.0,0.95,7.23,4.38,491.47,125.18,0.88,222.04,11.19,65.93,53.11,0.0,-0.99
2.34,5.51,10.45,9.0,0.95,5.73,4.28,468.75,105.98,0.84,200.25,11.2,65.64,53.6,0.0,-1.21
2.29,2.52,5.57,9.0,1.16,7.49,4.74,471.85,96.03,0.85,212.37,10.49,63.62,50.74,0.0,-0.11
2.29,5.51,13.82,9.0,1.48,7.89,4.53,527.75,125.14,0.94,260.58,10.88,65.37,52.47,0.0,-0.61
2.29,5.51,4.86,9.0,1.99,7.35,4.22,519.85,115.5,0.94,263.42,10.31,62.45,50.82,0.0,-0.33
3.8,5.51,6.37,9.0,1.93,4.15,4.36,554.72,121.19,0.95,293.18,10.28,64.03,50.1,0.0,-0.1
3.3,5.51,9.29,9.0,1.08,5.73,4.12,481.33,108.27,0.84,211.96,11.02,65.97,52.66,0.0,-1.1
2.34,2.63,9.51,9.0,1.06,5.94,4.67,588.72,184.47,1.03,323.67,10.52,65.3,50.69,0.0,0.18
3.05,3.3,13.87,9.0,0.95,6.56,4.36,484.46,119.88,0.88,219.83,10.93,64.73,52.93,0.0,-0.84
2.33,5.51,7.65,9.0,1.48,5.95,4.45,534.05,129.5,0.96,270.04,10.73,64.56,51.81,0.0,-0.48
2.34,5.19,13.87,9.0,0.95,5.73,4.27,455.17,96.16,0.83,187.74,11.17,65.4,53.68,0.0,-1.25
2.34,5.51,13.87,9.0,0.95,3.38,4.98,500.56,127.48,0.9,231.05,11.03,66.01,52.92,0.0,-0.39
2.27,4.42,14.99,9.0,1.88,5.73,4.76,538.23,117.52,0.94,274.37,10.45,64.72,50.48,0.0,0.05
2.34,5.51,14.37,9.0,0.95,5.73,4.17,447.49,90.64,0.8,179.82,11.21,65.44,53.49,0.0,-1.35
1.89,5.51,14.41,9.0,0.95,5.73,4.36,505.12,134.72,0.9,236.36,11.17,65.72,53.53,0.0,-1.0
2.34,5.51,13.87,9.0,1.32,6.49,4.38,513.1,122.6,0.91,244.61,10.97,65.7,52.68,0.0,-0.81
2.34,5.51,10.04,9.0,0.95,2.56,4.88,504.43,129.02,0.91,236.49,10.88,65.56,52.42,0.0,-0.31
2.75,1.84,5.82,9.0,0.95,5.73,4.57,489.05,117.01,0.89,234.22,10.19,62.41,51.05,0.0,-0.01
3.17,4.47,5.83,9.0,0.95,3.15,4.17,449.77,90.19,0.83,189.13,10.81,63.66,53.32,0.0,-1.09
3.8,3.17,14.0,9.0,0.95,5.73,4.44,474.86,116.48,0.86,212.45,10.87,64.22,53.31,0.0,-0.8
1.29,4.18,13.87,9.0,0.95,5.73,4.97,520.65,146.14,0.95,253.64,11.04,65.26,53.19,0.0,-0.36
2.34,4.36,5.98,9.0,0.95,5.73,4.31,467.81,103.64,0.85,202.57,10.97,64.88,53.1,0.0,-1.0
2.34,5.51,14.47,9.0,1.82,5.73,4.28,497.61,100.49,0.89,235.97,10.61,63.92,51.67,0.0,-0.64
3.5,4.78,12.59,9.0,1.82,2.78,4.52,579.23,144.2,1.01,316.85,10.22,64.25,49.91,0.0,0.18
2.34,5.51,12.85,9.0,0.95,5.73,4.31,457.31,98.03,0.85,190.02,11.22,65.37,54.42,0.0,-1.33
4.86,5.72,12.31,9.0,0.95,4.59,4.36,496.66,129.71,0.92,231.19,11.05,64.87,53.96,0.0,-1.0
1.3,5.51,13.87,9.0,0.95,5.73,4.99,487.14,122.88,0.87,217.13,11.16,66.04,53.12,0.0,-0.51
1.54,4.21,14.52,9.0,0.69,5.73,4.23,439.24,89.06,0.8,171.98,11.21,65.24,53.38,52.0,4.0
4.61,2.34,13.87,9.0,1.9,5.73,5.36,727.08,251.81,1.17,462.7,9.89,65.54,47.53,0.0,1.77
2.96,4.91,13.87,9.0,0.95,4.98,4.27,464.3,105.29,0.84,198.06,11.09,65.06,53.83,0.0,-1.18
4.45,3.99,13.87,9.0,0.95,5.73,4.25,475.15,114.12,0.85,209.06,11.03,65.05,53.16,0.0,-1.04
2.34,5.15,13.87,9.0,0.89,6.66,4.11,445.66,90.24,0.8,177.17,11.24,65.69,53.68,0.0,-1.44
2.34,4.42,7.01,9.0,1.39,5.73,4.64,567.83,154.44,1.01,302.58,10.63,64.81,51.76,0.0,-0.16
2.97,5.51,13.98,9.0,1.21,5.73,4.2,450.84,86.4,0.83,185.69,11.07,64.88,53.96,0.0,-1.32
1.75,2.73,13.87,9.0,1.84,2.09,4.56,555.61,125.38,0.96,301.1,9.77,62.2,48.39,0.0,0.59
4.47,2.34,8.47,9.0,1.44,4.09,4.98,715.44,257.84,1.1,445.08,10.08,67.16,47.22,0.0,1.42
1.3,2.34,13.87,9.0,1.01,4.73,4.32,463.39,95.32,0.84,204.32,10.55,63.48,51.66,0.0,-0.59
4.61,5.51,13.87,9.0,1.36,5.73,4.58,509.33,120.22,0.91,242.96,10.89,65.11,52.71,0.0,-0.62
4.61,2.34,13.87,9.0,0.98,5.73,4.93,645.27,250.84,1.11,379.64,10.38,65.67,49.85,0.0,0.85
4.03,2.34,13.43,9.0,1.9,5.73,5.22,857.06,343.85,1.21,581.48,9.86,68.99,45.07,0.0,2.35
2.34,5.51,13.87,9.0,0.95,6.95,5.13,475.43,111.12,0.85,205.56,11.16,66.02,53.14,0.0,-0.45
1.42,3.2,13.87,9.0,0.95,4.83,4.6,474.85,109.98,0.88,212.02,10.83,64.36,52.86,0.0,-0.63
4.49,2.73,11.77,9.0,1.93,2.09,4.8,637.45,174.32,1.01,380.69,9.62,62.85,47.35,0.0,1.2
4.81,5.39,6.57,9.0,1.84,7.67,4.11,499.92,99.15,0.9,241.52,10.51,63.01,51.64,0.0,-0.71
3.4,2.73,7.95,9.0,0.76,4.59,4.64,496.19,135.57,0.9,235.26,10.66,63.89,52.15,4.0,4.0
1.75,3.73,14.12,9.0,1.19,2.09,4.43,534.8,138.96,0.95,274.33,10.44,63.63,51.1,0.0,-0.19
2.93,4.03,5.27,9.0,1.19,6.82,4.29,492.94,115.78,0.89,233.07,10.75,63.61,52.43,0.0,-0.74
1.75,4.47,8.34,9.0,1.42,4.04,4.18,478.23,92.02,0.85,214.46,10.65,64.53,51.72,0.0,-0.78
1.75,3.85,13.87,9.0,0.71,2.09,4.55,497.87,129.48,0.89,230.96,10.79,65.25,52.25,51.0,4.0
1.75,2.73,13.87,9.0,1.84,2.09,4.56,555.61,125.38,0.96,301.1,9.77,62.2,48.39,0.0,0.59
4.81,5.39,10.22,9.0,1.79,7.67,4.52,565.36,141.71,1.01,304.64,10.55,63.66,51.92,0.0,-0.27
2.58,5.47,6.57,9.0,1.63,5.88,4.11,465.79,83.26,0.84,205.01,10.64,63.65,52.28,0.0,-0.93
4.81,5.68,6.57,9.0,0.95,7.16,4.27,506.97,136.43,0.91,239.18,11.07,65.47,53.26,0.0,-0.97
2.34,5.51,13.87,9.0,1.16,7.57,4.41,509.82,126.19,0.91,239.99,11.11,66.03,53.04,0.0,-0.9
4.81,5.39,4.26,9.0,1.84,7.67,4.22,506.43,99.27,0.9,248.54,10.39,62.88,51.18,0.0,-0.49
4.81,5.39,6.57,9.0,1.71,3.57,4.49,564.36,139.74,0.98,302.3,10.35,64.04,50.61,0.0,-0.02
4.81,3.58,6.57,9.0,1.63,4.55,4.43,521.4,118.3,0.93,263.74,10.31,62.98,50.72,0.0,-0.15
2.34,5.42,13.87,9.0,0.95,6.7,4.34,468.81,104.08,0.84,198.24,11.21,66.18,53.25,0.0,-1.14
2.34,5.51,5.29,9.0,1.43,2.72,4.27,506.99,111.71,0.9,247.2,10.42,63.36,50.92,0.0,-0.39
1.9,3.99,13.87,9.0,0.95,7.11,4.19,465.08,102.31,0.84,198.53,11.09,65.12,53.17,0.0,-1.18
4.4,5.51,13.87,9.0,0.83,5.73,4.47,460.3,107.91,0.84,193.2,11.19,65.34,53.93,0.0,-1.09
2.34,5.51,13.87,9.0,1.68,5.06,4.4,570.68,145.54,0.99,304.65,10.6,65.26,50.8,0.0,-0.25
2.34,5.17,4.26,9.0,0.95,2.72,4.16,474.01,103.62,0.86,211.62,10.73,64.16,52.38,0.0,-0.88
1.46,5.1,13.37,9.0,0.6,5.73,4.27,422.05,78.5,0.77,155.06,11.34,65.22,54.5,97.0,4.0
4.73,3.9,5.53,9.0,1.43,6.8,4.5,572.37,160.56,0.99,307.68,10.52,64.77,51.02,0.0,-0.09
1.74,5.07,13.87,9.0,0.95,5.73,4.23,479.03,112.86,0.85,209.9,11.16,65.88,52.81,0.0,-1.1
3.52,1.77,13.87,9.0,1.17,5.73,4.92,673.8,252.8,1.07,407.49,10.09,66.2,47.69,0.0,1.29
2.34,5.69,14.89,9.0,1.57,5.73,4.54,539.0,127.94,0.96,274.86,10.73,64.66,51.88,0.0,-0.42
2.34,5.51,8.01,9.0,0.95,5.73,4.04,455.05,95.55,0.82,188.83,11.11,65.11,53.29,0.0,-1.35
1.81,5.51,13.87,9.0,0.95,4.27,4.38,457.42,97.28,0.83,190.16,11.16,65.33,53.91,0.0,-1.18
4.17,5.77,6.68,9.0,1.9,5.73,4.24,542.89,117.93,0.95,280.89,10.41,64.05,50.69,0.0,-0.36
3.03,3.26,4.91,9.0,0.95,5.73,4.27,505.61,128.5,0.9,240.85,10.72,64.86,51.75,0.0,-0.61
2.34,5.66,14.07,9.0,0.95,3.13,4.24,474.14,108.55,0.86,207.42,11.07,65.2,53.46,0.0,-1.13
2.34,5.55,5.22,9.0,0.95,4.54,4.54,527.37,150.24,0.97,261.1,10.93,65.07,53.41,0.0,-0.64
2.24,5.51,11.02,9.0,0.95,3.95,4.65,480.52,114.93,0.87,213.58,11.07,65.26,53.51,0.0,-0.8
2.34,1.91,13.87,9.0,0.67,5.73,4.58,519.65,152.53,0.93,259.22,10.49,63.73,50.87,32.0,4.0
4.29,5.51,13.87,9.0,0.95,6.19,4.14,450.64,97.27,0.82,184.51,11.19,65.05,54.05,0.0,-1.4
2.34,5.0,4.72,9.0,1.61,5.73,4.2,494.85,98.57,0.89,233.63,10.52,63.84,51.07,0.0,-0.58
2.34,5.51,13.87,9.0,0.95,5.73,4.06,444.29,89.19,0.81,177.57,11.22,65.23,54.29,0.0,-1.55
3.89,4.34,11.18,9.0,0.95,5.73,4.64,590.02,205.04,1.05,319.8,10.86,66.37,52.3,0.0,-0.16
3.99,5.51,13.87,9.0,0.95,5.73,4.31,497.47,130.3,0.89,229.06,11.13,65.75,53.34,0.0,-1.01
1.3,5.51,3.85,9.0,0.95,2.73,4.33,467.74,103.99,0.85,204.28,10.78,64.33,52.38,0.0,-0.77
2.34,4.76,9.28,9.0,1.61,7.25,4.31,502.46,106.46,0.89,238.57,10.66,64.56,51.63,0.0,-0.62
2.54,5.03,4.72,9.0,1.15,6.35,4.18,482.74,107.03,0.88,219.87,10.92,64.28,53.19,0.0,-1.06
2.34,5.42,13.87,9.0,0.95,4.46,4.13,443.03,87.29,0.8,176.81,11.18,65.12,54.01,0.0,-1.44
4.0,5.51,14.18,9.0,0.95,4.34,4.26,451.84,95.92,0.82,185.68,11.14,65.12,53.83,0.0,-1.26
2.4,5.0,8.6,9.0,0.95,5.73,4.36,513.15,135.74,0.9,243.39,11.02,66.16,52.49,1.0,4.0
1.71,5.37,7.91,9.0,1.25,2.55,4.21,451.93,84.08,0.82,191.71,10.72,63.52,52.64,0.0,-0.94
2.34,5.0,4.72,9.0,1.3,5.73,4.19,513.36,118.96,0.91,248.49,10.72,64.83,51.98,0.0,-0.74
1.86,3.7,4.72,9.0,1.61,5.73,4.27,507.3,108.39,0.9,250.53,10.37,62.7,50.88,0.0,-0.37
2.54,5.03,4.72,9.0,1.15,6.35,4.18,482.74,107.03,0.88,219.87,10.92,64.28,53.19,0.0,-1.06
2.54,5.03,12.56,9.0,0.96,6.35,4.02,455.16,94.52,0.81,186.69,11.17,65.71,53.23,0.0,-1.4
2.76,5.03,13.19,9.0,1.05,6.73,4.12,450.96,89.5,0.81,182.12,11.15,65.79,53.26,0.0,-1.33
2.54,5.04,4.72,9.0,1.36,6.35,4.27,512.37,114.58,0.91,247.51,10.69,64.81,51.82,0.0,-0.65
3.35,5.03,11.63,9.0,1.4,6.77,4.2,498.44,111.16,0.88,232.44,10.85,65.1,52.57,0.0,-0.91
2.54,5.03,4.72,9.0,1.15,6.35,4.18,482.74,107.03,0.88,219.87,10.92,64.28,53.19,0.0,-1.06
3.47,5.28,4.72,9.0,1.15,6.19,4.44,526.82,139.45,0.94,261.02,10.82,65.07,52.43,0.0,-0.57
2.54,4.36,11.94,9.0,1.15,6.35,4.37,518.41,130.99,0.92,250.34,10.94,65.71,52.47,0.0,-0.74
2.76,5.03,9.38,9.0,0.96,4.51,4.19,517.72,141.44,0.92,249.99,10.95,65.54,52.38,0.0,-0.83
2.76,5.03,8.06,9.0,1.05,6.73,4.24,497.52,124.84,0.9,231.17,11.01,65.18,53.47,0.0,-1.03
2.51,5.03,11.53,9.0,1.05,5.91,4.18,452.88,91.76,0.83,186.94,11.1,65.07,53.54,0.0,-1.28
4.74,5.03,13.19,9.0,0.56,6.73,5.27,685.15,327.34,1.21,413.79,10.99,66.75,53.21,110.0,4.0
4.39,4.17,13.19,9.0,1.71,6.73,4.44,558.36,137.14,0.99,296.41,10.51,64.07,51.47,0.0,-0.28
2.76,5.03,12.05,9.0,1.05,5.67,4.4,498.47,123.53,0.89,230.57,11.05,65.58,53.1,0.0,-0.89
2.24,5.03,13.19,9.0,0.81,6.73,4.34,496.32,132.44,0.88,226.17,11.22,66.11,53.49,15.0,4.0
2.76,1.95,8.25,9.0,1.05,6.73,4.68,589.92,187.75,1.01,327.08,10.25,64.92,49.29,0.0,0.54
1.54,2.79,6.14,9.0,0.95,5.73,4.39,461.23,94.43,0.83,200.12,10.67,63.92,51.97,0.0,-0.65
3.17,2.47,9.67,9.0,0.95,7.93,4.86,547.33,163.92,0.95,281.42,10.63,65.67,50.67,0.0,0.18
3.99,5.51,13.87,9.0,1.88,5.73,4.2,486.67,89.91,0.87,226.09,10.57,63.61,51.7,0.0,-0.72
1.73,5.51,13.87,9.0,1.66,4.01,4.25,502.76,116.99,0.89,239.2,10.65,64.35,51.62,0.0,-0.61
4.9,5.51,13.87,9.0,0.95,5.62,4.22,472.36,111.66,0.84,204.18,11.13,65.58,53.42,0.0,-1.17
2.34,4.57,13.87,9.0,1.7,5.73,4.13,468.23,85.56,0.85,207.9,10.66,63.57,51.89,0.0,-0.87
3.87,5.51,6.21,9.0,0.82,4.27,4.66,582.96,206.12,1.06,314.84,10.88,65.68,52.46,0.0,-0.17
2.34,5.51,13.87,9.0,1.55,5.73,4.22,503.4,108.65,0.9,239.24,10.81,64.63,52.28,0.0,-0.85
2.34,5.51,7.25,9.0,1.13,4.61,4.27,514.36,130.32,0.92,248.07,10.92,65.12,52.96,0.0,-0.87
3.31,2.76,13.87,9.0,0.95,5.73,4.71,577.01,193.93,1.04,313.36,10.62,64.74,51.21,0.0,0.13
2.23,4.99,8.15,9.0,1.72,5.88,4.22,500.6,100.67,0.9,240.74,10.55,63.4,51.56,0.0,-0.63
2.34,4.65,13.87,9.0,0.95,5.71,4.41,488.83,123.07,0.9,223.79,11.12,64.83,54.06,0.0,-1.05
2.86,4.51,3.97,9.0,0.95,2.08,4.2,507.3,128.01,0.89,246.77,10.48,63.77,51.27,0.0,-0.46
2.34,4.77,7.53,9.0,0.95,5.73,4.26,506.83,131.31,0.9,237.68,11.01,65.84,52.89,0.0,-0.92
4.49,5.02,5.16,9.0,1.48,7.49,4.38,547.01,138.93,0.98,283.75,10.62,64.36,52.11,0.0,-0.46
2.34,5.51,13.87,9.0,1.0,3.08,4.31,492.5,119.69,0.87,224.02,11.0,65.64,53.07,0.0,-0.94
1.56,4.65,14.21,9.0,0.95,4.89,4.58,524.47,150.03,0.95,256.85,11.06,65.38,53.45,0.0,-0.69
2.34,4.6,13.87,9.0,0.78,5.71,4.28,477.02,119.91,0.87,209.79,11.18,65.27,54.0,16.0,4.0
2.34,4.65,14.26,9.0,0.62,5.71,4.71,430.27,86.3,0.79,162.64,11.3,65.38,54.43,54.0,4.0
2.34,4.95,9.65,9.0,0.95,5.71,4.38,511.3,136.59,0.92,243.64,11.06,65.39,53.4,0.0,-0.9
2.34,2.51,6.93,9.0,0.95,5.71,4.99,503.16,128.84,0.92,244.31,10.52,63.4,52.08,0.0,0.04
2.34,2.81,5.72,9.0,1.26,5.41,4.79,521.18,127.8,0.94,263.01,10.42,63.18,51.1,0.0,0.06
3.66,2.35,13.87,9.0,0.95,5.71,4.67,547.64,170.06,0.95,285.94,10.57,64.2,51.67,0.0,-0.02
2.04,5.01,5.94,9.0,0.91,5.71,4.28,477.02,110.79,0.86,209.24,11.09,65.48,53.58,0.0,-1.12
2.43,5.51,13.87,9.0,0.95,5.73,4.21,457.01,95.88,0.81,186.98,11.2,66.14,53.16,0.0,-1.26
1.52,5.51,13.87,9.0,1.23,3.0,4.46,499.75,121.32,0.91,233.98,10.87,64.87,52.92,0.0,-0.72
3.68,5.51,13.87,9.0,1.9,2.13,4.46,528.53,111.14,0.92,273.14,10.2,62.12,50.78,0.0,-0.09
2.34,1.51,13.87,9.0,0.95,5.73,4.97,583.05,183.37,1.01,324.16,10.08,63.73,49.59,0.0,0.82
1.61,2.76,13.87,9.0,1.25,2.45,4.38,473.97,96.02,0.86,219.36,10.3,62.29,51.29,0.0,-0.34
2.34,5.51,13.87,9.0,0.95,5.73,4.06,444.29,89.19,0.81,177.57,11.22,65.23,54.29,0.0,-1.55
4.26,4.26,13.87,9.0,1.44,5.73,4.65,578.89,161.32,1.01,311.37,10.67,65.53,51.77,0.0,-0.15
4.51,5.51,13.87,9.0,0.95,5.73,4.35,503.32,136.0,0.9,232.77,11.1,66.23,53.34,0.0,-0.94
4.62,5.71,11.85,9.0,0.95,5.73,4.32,487.51,122.92,0.87,217.34,11.15,66.06,53.55,0.0,-1.07
2.34,3.64,5.4,9.0,1.1,3.28,4.27,514.57,129.19,0.93,254.98,10.53,63.59,51.64,0.0,-0.47
2.34,2.15,13.87,9.0,1.34,5.64,5.25,571.9,160.45,1.01,313.31,10.26,63.33,50.17,0.0,0.76
2.34,4.9,13.87,9.0,0.95,5.73,4.17,465.76,102.12,0.84,196.29,11.15,66.0,53.31,0.0,-1.25
2.34,1.55,13.87,9.0,0.95,5.73,4.93,606.71,202.44,1.04,345.85,10.05,64.45,48.91,0.0,0.96
1.83,4.84,12.68,9.0,0.55,5.73,3.96,427.32,81.87,0.77,158.16,11.34,65.9,53.46,116.0,4.0
2.34,2.26,13.87,9.0,1.86,5.73,4.73,594.41,150.63,1.01,335.46,10.07,63.6,49.13,0.0,0.56
2.04,2.26,13.55,9.0,0.95,4.89,4.64,521.85,140.94,0.93,259.91,10.53,64.12,51.37,0.0,-0.11
2.34,5.51,7.13,9.0,0.95,6.46,4.29,461.43,99.04,0.82,193.37,11.13,65.55,53.44,0.0,-1.17
1.35,5.52,13.87,9.0,1.11,5.73,4.36,507.81,136.72,0.89,237.89,11.07,66.33,52.44,0.0,-0.8
2.34,5.51,13.87,9.0,1.25,5.73,4.2,491.16,110.52,0.87,223.2,10.99,65.57,52.54,0.0,-1.0
2.34,1.62,13.87,9.0,0.95,7.59,4.69,542.97,157.78,0.97,284.78,10.24,63.28,50.67,0.0,0.27
2.2,4.43,13.87,9.0,0.95,5.73,4.36,492.06,123.33,0.89,224.74,11.07,65.37,52.92,0.0,-0.92
4.92,2.74,8.06,9.0,1.9,3.62,4.87,697.94,226.43,1.12,433.67,9.78,65.43,46.98,0.0,1.41
1.71,5.51,8.12,9.0,0.93,5.73,4.29,470.25,103.55,0.84,199.44,11.12,66.32,52.69,0.0,-1.06
3.93,5.51,10.79,9.0,1.7,5.58,4.51,499.5,103.11,0.9,237.51,10.6,63.93,51.96,0.0,-0.48
2.34,5.51,5.14,9.0,1.25,7.32,4.18,474.76,97.91,0.87,210.91,10.9,64.54,53.02,0.0,-1.07
2.34,2.5,8.94,9.0,1.17,6.18,4.7,595.08,184.77,1.04,331.38,10.45,64.91,50.3,0.0,0.3
4.58,1.95,13.87,9.0,0.95,5.07,4.87,657.46,255.37,1.03,388.7,10.32,66.73,48.31,0.0,1.04
2.34,5.51,13.87,9.0,0.95,5.4,4.42,480.07,115.0,0.88,212.78,11.16,65.36,54.08,0.0,-1.1
2.34,5.51,5.15,9.0,1.25,5.73,4.2,497.04,112.08,0.89,231.4,10.82,65.01,52.37,0.0,-0.87
2.34,5.51,13.87,9.0,0.95,5.73,4.06,444.29,89.19,0.81,177.57,11.22,65.23,54.29,0.0,-1.55
2.45,3.88,10.04,9.0,0.95,5.19,4.28,455.95,95.22,0.83,191.27,10.99,64.74,53.43,0.0,-1.11
2.69,5.51,9.13,9.0,0.95,7.89,4.11,450.14,92.72,0.82,182.71,11.22,65.39,53.93,0.0,-1.45
4.12,5.51,14.58,9.0,1.45,5.28,4.18,455.4,82.82,0.8,189.51,10.9,64.99,52.69,0.0,-1.09
2.34,5.51,13.87,9.0,0.95,5.73,4.06,444.29,89.19,0.81,177.57,11.22,65.23,54.29,0.0,-1.55
2.34,3.5,11.08,9.0,1.99,5.73,4.45,518.83,101.52,0.93,263.58,10.26,62.22,50.39,0.0,-0.13
2.87,5.51,13.87,9.0,1.08,6.36,4.2,467.76,100.44,0.83,198.54,11.13,65.96,52.98,0.0,-1.18
2.23,4.13,13.87,9.0,0.95,5.73,4.44,500.53,128.45,0.9,232.7,11.07,65.46,53.18,0.0,-0.86
3.29,5.51,13.87,9.0,0.95,5.73,4.42,517.24,146.93,0.91,247.77,11.07,66.07,52.6,0.0,-0.73
2.34,2.43,13.87,9.0,1.33,5.73,4.63,565.85,153.88,0.99,302.55,10.44,64.7,50.53,0.0,0.1
2.96,5.27,13.87,9.0,0.95,4.9,4.23,482.51,116.55,0.86,213.04,11.13,65.91,53.27,0.0,-1.12
2.34,5.51,13.87,9.0,1.01,3.88,4.2,459.58,94.06,0.81,190.3,11.08,65.94,52.55,0.0,-1.12
2.58,3.17,13.87,9.0,1.07,2.37,4.51,532.93,140.72,0.94,269.85,10.49,64.39,50.96,0.0,-0.13
4.16,3.54,13.04,9.0,0.95,5.73,4.7,497.99,132.32,0.91,233.97,10.87,64.59,53.19,0.0,-0.52
2.34,5.51,13.87,9.0,0.95,3.16,4.36,490.44,116.81,0.87,220.36,11.04,66.07,53.08,0.0,-0.94
3.58,1.59,5.08,9.0,0.78,5.73,4.87,629.43,228.94,1.05,367.04,9.98,64.85,48.18,0.0,1.16
2.34,2.87,4.29,9.0,1.35,5.73,4.5,553.88,147.43,1.0,296.37,10.28,63.03,50.6,0.0,0.06
2.34,5.51,9.77,9.0,0.95,5.73,4.11,452.58,92.76,0.82,184.96,11.15,65.48,53.42,0.0,-1.35
3.58,5.51,5.57,9.0,0.95,5.73,4.18,479.74,115.09,0.86,214.51,10.99,64.88,53.28,0.0,-1.08
3.53,3.62,9.77,9.0,1.13,5.24,4.41,507.71,124.02,0.88,239.3,10.8,65.76,52.07,0.0,-0.61
2.34,5.51,9.77,9.0,0.65,5.73,4.02,429.44,82.57,0.77,160.62,11.31,65.64,53.99,56.0,4.0
2.34,2.66,4.88,9.0,0.95,5.73,4.49,541.47,155.85,0.97,281.34,10.51,63.69,50.94,0.0,-0.1
2.34,4.5,9.77,9.0,1.9,5.73,4.21,504.46,97.16,0.9,245.75,10.43,63.16,50.97,0.0,-0.51
2.34,2.52,9.77,9.0,0.95,6.91,4.42,488.64,116.53,0.87,226.68,10.69,64.16,51.55,0.0,-0.5
2.34,2.32,9.77,9.0,1.95,5.73,4.79,623.47,163.09,1.05,365.56,9.93,63.3,48.24,0.0,0.85
2.34,5.51,14.61,9.0,1.75,4.05,4.44,530.53,118.76,0.96,268.1,10.58,64.04,52.01,0.0,-0.46
3.22,4.2,9.77,9.0,0.95,7.26,4.45,534.27,159.67,0.98,268.09,10.95,65.06,52.97,0.0,-0.63
2.79,3.51,13.87,9.0,0.95,3.56,4.47,475.5,108.91,0.85,210.55,10.83,64.82,52.39,0.0,-0.68
2.34,2.89,13.87,9.0,1.82,4.32,4.64,593.56,151.74,1.03,334.59,10.18,63.5,49.33,0.0,0.4
2.34,2.96,13.87,9.0,1.64,2.88,4.4,520.07,113.15,0.92,263.57,10.18,62.69,50.24,0.0,-0.06
2.34,5.51,14.53,9.0,1.24,2.12,4.72,490.67,106.21,0.87,225.73,10.69,64.66,51.97,0.0,-0.36
2.34,5.77,13.87,9.0,0.95,5.73,4.63,476.46,111.05,0.86,208.1,11.17,65.59,53.48,0.0,-0.89
2.34,5.51,4.74,9.0,1.53,6.39,4.3,483.76,96.92,0.88,225.53,10.6,62.98,52.22,0.0,-0.7
2.34,5.51,13.87,9.0,1.47,5.73,4.76,536.94,131.65,0.96,270.12,10.8,65.3,52.14,0.0,-0.31
2.34,2.07,4.0,9.0,0.95,6.2,4.65,576.12,174.38,0.99,313.96,10.22,64.75,49.1,0.0,0.5
2.34,4.6,11.38,9.0,0.95,4.9,4.78,463.41,102.32,0.86,198.7,11.07,64.66,53.91,0.0,-0.8
3.7,5.15,13.87,9.0,0.63,6.17,4.1,432.53,93.09,0.79,165.32,11.32,65.27,54.34,40.0,4.0
2.34,5.12,13.87,9.0,0.95,5.73,4.79,455.82,99.01,0.83,190.58,11.13,64.89,53.74,0.0,-0.82
2.34,4.56,13.87,9.0,0.95,5.48,4.31,462.43,101.93,0.85,196.61,11.13,64.99,53.77,0.0,-1.18
1.5,5.51,7.33,9.0,0.6,5.73,4.09,419.26,75.54,0.77,152.75,11.34,65.18,54.46,79.0,4.0
3.78,3.79,5.25,9.0,1.65,7.65,4.15,505.29,104.96,0.91,248.0,10.4,62.81,50.94,0.0,-0.5
2.55,1.62,5.1,9.0,0.95,5.73,4.91,584.22,185.27,1.07,329.49,9.94,62.39,49.75,0.0,0.85
2.34,3.79,13.87,9.0,0.97,7.34,4.39,508.47,132.8,0.91,240.51,11.01,65.62,52.66,0.0,-0.79
1.97,3.79,10.05,9.0,0.97,7.34,4.42,523.99,144.87,0.94,255.92,10.95,65.73,52.55,0.0,-0.66
4.88,2.81,13.87,9.0,0.97,7.34,4.59,541.47,168.97,0.98,278.58,10.73,64.48,51.91,0.0,-0.22
1.83,3.79,9.31,9.0,0.97,5.19,4.31,465.68,99.52,0.82,198.82,10.94,65.3,52.41,0.0,-0.91
2.34,3.28,11.74,9.0,0.97,4.09,4.32,482.79,111.18,0.86,217.61,10.76,64.95,51.71,0.0,-0.66
2.34,5.15,8.26,9.0,0.75,7.34,4.35,445.69,94.9,0.83,178.88,11.26,65.21,54.37,22.0,4.0
2.67,3.11,13.87,9.0,0.73,5.14,4.33,479.94,121.84,0.87,215.06,10.95,64.74,52.79,17.0,4.0
2.34,3.79,8.4,9.0,0.97,2.46,4.48,559.34,166.51,0.99,293.78,10.59,65.05,51.18,0.0,-0.14
4.96,5.01,13.87,9.0,0.97,7.34,4.53,506.26,137.6,0.91,238.89,11.06,65.45,53.53,0.0,-0.79
4.67,3.81,13.87,9.0,0.95,3.25,4.24,477.92,110.21,0.84,210.7,10.83,65.51,51.86,0.0,-0.79
2.34,5.07,7.13,9.0,0.95,5.73,4.19,464.96,101.37,0.84,197.83,11.08,65.32,53.22,0.0,-1.18
2.34,5.51,13.87,9.0,0.95,5.39,4.41,495.06,127.54,0.9,227.64,11.14,65.36,53.54,0.0,-0.98
2.48,5.51,13.87,9.0,0.95,5.73,3.99,454.18,95.64,0.8,185.66,11.21,65.68,53.52,0.0,-1.48
2.34,3.28,11.74,9.0,0.64,2.36,4.43,483.97,123.03,0.88,220.37,10.73,64.44,52.82,54.0,4.0
3.83,3.54,12.65,9.0,0.95,5.73,4.45,505.15,132.72,0.89,236.93,10.92,65.62,52.62,0.0,-0.68
2.34,5.57,5.1,9.0,1.88,6.54,4.43,553.85,136.41,0.98,293.17,10.34,63.75,50.6,0.0,-0.08
2.34,3.47,11.74,9.0,0.97,5.5,4.49,495.58,122.48,0.89,229.78,10.91,65.0,52.65,0.0,-0.69
2.34,3.79,13.87,9.0,0.95,5.25,4.2,478.97,112.08,0.86,212.05,11.0,65.25,52.87,0.0,-1.04
2.34,5.51,13.87,9.0,0.99,2.55,4.91,507.81,130.18,0.92,240.29,10.94,65.37,53.03,0.0,-0.39
2.34,5.51,4.25,9.0,0.65,5.73,4.14,436.09,86.32,0.79,169.42,11.19,65.22,53.78,36.0,4.0
2.34,3.14,13.87,9.0,1.73,5.73,4.89,535.19,122.22,0.97,278.37,10.37,62.86,50.82,0.0,0.17
3.29,2.21,13.87,9.0,0.95,4.87,4.78,584.63,193.65,0.99,319.73,10.44,65.39,50.2,0.0,0.42
2.97,5.51,13.87,9.0,0.95,3.45,4.1,448.02,91.06,0.81,183.18,11.09,64.76,53.78,0.0,-1.37
2.34,5.51,13.87,9.0,1.46,3.72,4.63,548.79,140.23,0.97,284.16,10.68,64.78,51.59,0.0,-0.24
1.57,2.92,13.14,9.0,0.95,5.73,4.59,514.66,138.04,0.93,250.04,10.82,64.77,52.28,0.0,-0.45
2.95,3.12,10.1,9.0,1.82,5.73,5.01,770.52,279.18,1.22,497.46,10.11,67.81,47.33,0.0,1.5
1.69,5.51,13.87,9.0,1.46,3.72,4.31,524.29,134.98,0.93,259.48,10.74,64.76,52.0,0.0,-0.59
2.89,5.51,4.59,9.0,1.19,2.73,4.35,496.39,110.69,0.89,233.91,10.62,64.13,52.06,0.0,-0.59
2.34,5.28,13.87,9.0,0.97,3.72,4.25,451.83,92.2,0.81,185.92,11.1,64.96,53.31,0.0,-1.2
1.79,1.91,7.57,9.0,0.78,3.72,4.56,497.23,124.14,0.89,239.76,10.22,63.06,50.36,9.0,4.0
1.79,5.51,13.87,9.0,1.46,3.72,4.48,511.96,124.38,0.91,247.84,10.73,64.58,52.12,0.0,-0.51
2.34,5.51,5.67,9.0,1.46,3.72,4.23,465.06,84.26,0.84,202.75,10.61,64.1,51.56,0.0,-0.73
2.83,5.51,13.87,9.0,1.46,3.72,4.37,550.98,143.71,1.0,286.55,10.68,64.73,51.89,0.0,-0.46
1.79,2.85,13.12,9.0,1.48,5.73,4.47,542.67,137.92,0.98,284.18,10.44,63.31,50.77,0.0,-0.12
2.34,1.61,13.87,9.0,0.95,3.72,4.83,581.63,182.56,1.02,323.81,10.01,63.06,49.61,0.0,0.75
2.34,5.51,9.62,9.0,1.46,4.7,4.29,511.83,119.25,0.91,248.4,10.75,64.36,52.29,0.0,-0.71
1.79,5.51,13.87,9.0,0.95,4.25,4.3,510.47,137.82,0.91,241.23,11.12,65.86,53.08,0.0,-0.95
1.35,2.19,13.87,9.0,1.64,3.03,4.63,512.06,106.48,0.93,259.98,9.95,61.35,50.09,0.0,0.26
3.02,4.91,4.76,9.0,1.21,7.3,4.78,497.59,114.8,0.9,232.46,10.82,64.76,52.8,1.0,4.0
4.24,5.51,13.87,9.0,0.95,2.05,4.59,584.01,192.55,1.04,316.19,10.71,65.52,51.8,0.0,-0.09
2.05,5.51,6.94,9.0,1.46,3.72,4.26,490.45,103.6,0.89,229.99,10.63,63.53,52.22,0.0,-0.72
4.24,4.51,4.26,9.0,1.3,4.04,4.29,489.4,105.54,0.88,229.97,10.55,63.44,52.25,0.0,-0.64
4.24,5.51,6.33,9.0,0.95,2.05,4.37,515.23,135.9,0.92,250.95,10.67,64.57,52.1,0.0,-0.51
4.24,3.29,13.87,9.0,0.95,5.81,4.35,515.2,143.11,0.9,246.09,10.85,66.04,51.96,0.0,-0.59
3.96,4.98,13.87,9.0,0.95,5.73,4.4,521.49,147.26,0.93,252.07,11.06,66.25,52.8,0.0,-0.77
4.24,5.51,13.87,9.0,0.95,6.77,4.25,511.28,140.9,0.91,241.4,11.12,66.23,53.2,0.0,-0.99
4.24,4.38,9.91,9.0,0.95,2.05,4.41,466.8,101.89,0.85,205.55,10.67,63.89,53.15,0.0,-0.75
4.5,5.51,9.6,9.0,0.95,5.73,4.28,499.5,130.36,0.88,231.25,11.07,65.65,53.09,0.0,-0.97
2.72,4.82,13.87,9.0,0.95,4.41,4.37,518.51,143.44,0.93,250.29,11.02,65.6,53.02,0.0,-0.81
2.32,5.47,9.91,9.0,1.06,2.54,4.21,515.12,128.14,0.89,246.44,10.85,65.82,51.92,0.0,-0.76
4.24,5.25,13.87,9.0,0.95,5.67,4.18,461.21,103.31,0.83,192.84,11.16,65.62,53.55,0.0,-1.27
2.45,4.38,5.04,9.0,0.95,2.05,4.31,495.75,117.92,0.9,235.85,10.54,63.49,52.1,0.0,-0.55
4.24,2.36,8.18,9.0,0.95,2.98,4.77,622.36,221.71,1.05,357.62,10.18,65.39,49.04,0.0,0.82
3.2,2.96,9.22,9.0,0.95,5.73,4.74,485.01,117.7,0.88,222.02,10.79,64.39,52.75,0.0,-0.45
2.34,5.11,13.87,9.0,1.85,2.05,4.49,518.79,104.67,0.93,264.11,10.17,61.95,50.39,0.0,-0.03
3.67,5.51,6.45,9.0,1.31,5.06,4.2,475.21,94.96,0.84,208.3,10.87,65.35,52.15,0.0,-0.94
2.34,4.38,13.87,9.0,0.69,5.71,4.31,451.36,100.72,0.83,184.36,11.21,65.18,53.77,49.0,4.0
2.34,2.54,8.57,9.0,0.98,3.88,4.52,517.44,136.28,0.94,257.5,10.47,63.61,51.66,0.0,-0.22
2.34,5.51,5.25,9.0,1.41,5.73,4.45,551.01,144.65,1.03,289.19,10.63,63.9,52.46,0.0,-0.43
4.31,5.51,14.67,9.0,0.95,6.11,4.07,449.34,93.68,0.79,180.95,11.2,65.64,53.32,0.0,-1.39
2.34,4.42,11.82,9.0,1.26,3.71,4.42,510.0,122.02,0.93,247.6,10.76,64.18,52.76,0.0,-0.66
2.34,5.51,11.08,9.0,0.73,5.73,4.29,441.83,91.69,0.8,173.82,11.26,65.37,53.83,23.0,4.0
2.34,5.51,11.76,9.0,1.4,5.73,4.27,537.05,134.35,0.94,269.63,10.85,65.44,52.08,0.0,-0.7
2.34,2.76,5.37,9.0,0.95,6.78,4.51,516.45,137.53,0.93,255.18,10.62,64.02,51.68,0.0,-0.31
2.34,5.51,13.67,9.0,1.59,5.73,4.39,501.39,107.91,0.91,240.98,10.76,63.59,52.85,0.0,-0.76
2.34,5.51,14.9,9.0,1.38,5.73,4.35,521.51,126.55,0.94,255.06,10.89,65.19,52.5,0.0,-0.75
2.34,5.51,13.87,9.0,1.48,5.73,4.2,496.6,108.01,0.9,232.5,10.84,64.6,52.73,0.0,-0.94
2.34,5.51,13.67,9.0,0.83,6.7,4.6,454.23,101.47,0.82,186.79,11.21,65.34,53.69,2.0,4.0
2.34,5.51,9.05,9.0,1.4,5.73,4.51,549.69,141.69,0.97,283.18,10.8,65.27,52.24,0.0,-0.48
2.34,2.41,13.87,9.0,1.59,6.07,5.14,589.05,156.1,0.98,323.57,10.27,65.41,49.0,0.0,0.79
2.64,3.32,13.87,9.0,1.26,3.29,4.4,530.82,132.54,0.94,265.44,10.54,65.16,51.01,0.0,-0.29
3.74,2.63,9.45,9.0,0.95,3.11,4.49,525.62,146.41,0.92,263.36,10.42,64.19,50.78,0.0,-0.06
2.34,5.51,13.76,9.0,1.59,5.73,4.45,526.07,119.7,0.94,261.62,10.75,64.7,52.32,0.0,-0.59
1.31,5.51,13.87,9.0,1.81,3.31,4.06,465.41,94.46,0.83,204.97,10.5,63.55,51.37,0.0,-0.73
2.34,5.51,13.87,9.0,0.95,5.84,4.09,457.9,99.17,0.82,190.77,11.18,65.31,53.73,0.0,-1.39
2.31,5.51,13.87,9.0,1.46,5.73,4.49,544.24,135.48,0.96,274.38,10.84,66.23,51.88,0.0,-0.5
2.34,5.75,4.78,9.0,0.71,5.73,4.06,433.22,83.03,0.79,166.66,11.19,65.1,54.14,17.0,4.0
4.4,2.55,13.87,9.0,0.95,5.73,5.07,600.92,211.05,1.05,335.13,10.54,65.55,50.56,0.0,0.61
2.8,5.51,13.87,9.0,0.95,5.73,4.35,474.72,112.74,0.85,207.27,11.17,65.36,53.93,0.0,-1.15
2.27,4.44,4.3,9.0,0.95,2.4,4.07,461.67,93.85,0.83,201.84,10.61,63.46,51.8,0.0,-0.84
2.34,5.51,13.87,9.0,0.95,5.73,4.06,444.29,89.19,0.81,177.57,11.22,65.23,54.29,0.0,-1.55
1.6,4.37,13.87,9.0,0.95,6.16,4.29,463.22,100.65,0.84,196.25,11.13,65.24,53.33,0.0,-1.15
2.34,5.51,4.71,9.0,0.95,7.45,4.0,439.57,83.6,0.8,175.17,11.06,64.67,53.63,0.0,-1.44
2.34,5.51,13.87,9.0,0.6,7.47,4.1,445.54,97.51,0.8,174.92,11.38,66.26,54.09,114.0,4.0
2.77,5.51,13.87,9.0,0.95,5.73,4.7,464.91,101.0,0.82,193.72,11.14,66.61,52.77,0.0,-0.77
3.96,5.51,13.87,9.0,0.88,4.82,4.42,511.66,143.52,0.91,241.36,11.09,66.22,53.07,0.0,-0.82
4.03,5.51,13.87,9.0,0.95,3.35,4.36,494.79,126.0,0.88,227.69,11.01,65.3,53.04,0.0,-0.88
4.69,5.51,13.87,9.0,0.95,4.75,4.39,529.51,155.4,0.94,259.59,11.04,66.27,52.74,0.0,-0.72
1.41,5.51,13.87,9.0,0.95,5.73,4.22,466.55,106.86,0.85,198.85,11.21,65.45,54.0,0.0,-1.31
1.41,5.54,13.87,9.0,0.66,5.73,4.04,422.69,76.75,0.77,154.13,11.38,65.6,54.12,72.0,4.0
1.41,5.51,7.19,9.0,1.44,6.55,4.21,492.97,117.93,0.89,228.2,10.81,64.78,52.44,0.0,-0.84
1.41,5.66,5.04,9.0,0.95,5.73,4.74,465.22,105.65,0.86,199.94,11.05,64.89,53.65,0.0,-0.77
4.13,2.31,11.35,9.0,0.95,6.24,4.69,557.43,176.29,1.0,296.3,10.51,64.09,51.36,0.0,0.09
1.41,5.51,13.87,9.0,0.95,6.89,4.3,481.33,117.53,0.87,211.69,11.19,66.12,53.19,0.0,-1.09
3.15,5.51,13.87,9.0,0.96,5.73,4.17,452.38,96.19,0.83,186.17,11.17,65.1,54.0,0.0,-1.37
1.41,3.31,13.87,9.0,0.95,3.0,4.36,482.9,111.83,0.88,219.29,10.74,64.48,52.67,0.0,-0.73
3.81,5.54,7.14,9.0,0.95,5.73,4.08,444.2,89.0,0.81,178.02,11.13,65.09,54.03,0.0,-1.44
1.8,5.51,13.87,9.0,1.85,5.73,4.23,488.92,106.11,0.88,227.91,10.63,63.7,51.81,0.0,-0.68
2.34,3.34,12.7,9.0,1.46,6.7,5.12,577.68,159.42,1.02,312.88,10.56,64.86,51.19,0.0,0.35
2.12,5.51,13.87,9.0,0.95,5.73,4.28,504.13,133.06,0.91,234.87,11.1,65.96,52.91,0.0,-0.96
2.34,4.56,13.87,9.0,0.95,5.73,4.2,470.85,108.94,0.86,203.88,11.09,65.27,53.1,0.0,-1.13
2.34,1.67,14.85,9.0,0.95,5.73,5.24,553.49,163.46,0.97,292.97,10.2,64.11,49.88,0.0,0.83
2.04,5.51,11.24,9.0,0.95,3.65,4.35,483.71,117.92,0.9,218.26,11.09,64.82,54.03,0.0,-1.09
2.34,5.51,13.86,9.0,1.74,5.73,4.93,547.58,134.69,0.98,284.85,10.57,64.23,51.39,0.0,0.07
3.51,5.51,6.51,9.0,0.95,5.73,4.35,504.63,133.62,0.91,237.33,11.04,65.32,53.43,0.0,-0.92
2.34,5.54,13.87,9.0,0.95,5.73,4.58,442.33,86.13,0.81,174.6,11.2,65.45,53.8,0.0,-1.09
2.34,3.14,13.87,9.0,1.07,5.73,4.96,524.01,138.95,0.95,260.02,10.79,64.63,52.47,0.0,-0.16
3.52,3.58,4.91,9.0,1.98,5.73,4.83,718.62,230.19,1.15,451.51,10.0,66.17,47.33,0.0,1.22
3.17,4.81,4.01,9.0,0.95,5.73,4.11,463.96,98.36,0.83,198.44,10.92,64.84,52.87,0.0,-1.11
3.94,5.51,13.87,9.0,0.95,4.94,4.35,498.19,130.66,0.89,230.52,11.06,65.44,53.29,0.0,-0.93
1.98,3.8,13.87,9.0,1.8,5.73,4.48,505.55,103.07,0.92,246.21,10.47,63.35,51.46,0.0,-0.36
1.56,5.51,13.87,9.0,0.95,4.42,4.5,473.2,111.17,0.88,207.33,11.18,65.03,54.29,0.0,-1.09
3.42,4.1,13.87,9.0,0.95,4.44,4.36,508.48,136.38,0.91,240.9,10.97,65.43,52.9,0.0,-0.8
3.88,5.51,6.54,9.0,1.02,5.73,4.24,454.48,95.59,0.84,191.76,11.0,64.18,53.64,0.0,-1.17
4.81,2.86,13.87,9.0,1.81,5.73,4.72,665.67,207.37,1.03,396.54,10.24,66.86,48.22,0.0,0.79
2.34,2.5,13.87,9.0,0.73,5.73,4.66,508.46,144.52,0.93,245.95,10.74,64.22,52.08,15.0,4.0
2.34,1.58,12.34,9.0,1.05,6.6,4.78,521.3,134.38,0.94,264.81,10.16,62.76,50.5,0.0,0.31
1.32,5.51,13.87,9.0,0.68,5.73,4.0,423.1,77.51,0.77,155.33,11.35,65.44,53.98,77.0,4.0
2.34,4.11,13.87,9.0,0.58,5.73,4.2,442.32,92.38,0.77,170.18,11.24,66.83,52.74,79.0,4.0
2.34,1.77,13.87,9.0,0.95,3.54,5.03,549.55,159.35,0.97,291.29,10.09,63.36,49.61,0.0,0.76
2.16,2.63,13.87,9.0,0.9,4.54,4.6,481.81,114.79,0.88,219.79,10.67,64.11,51.84,0.0,-0.39
2.34,5.05,13.87,9.0,0.9,2.04,4.33,448.91,89.02,0.83,185.76,10.89,64.26,53.33,0.0,-1.02
2.34,2.65,14.97,9.0,0.95,5.73,4.62,519.24,140.14,0.93,255.17,10.71,64.69,51.63,0.0,-0.27
2.37,5.51,14.81,9.0,0.95,7.1,4.39,465.34,105.97,0.86,199.02,11.21,65.05,53.95,0.0,-1.17
4.1,5.18,13.87,9.0,0.95,5.73,4.29,467.06,105.81,0.83,197.75,11.13,65.87,53.2,0.0,-1.11
2.34,5.51,13.87,9.0,0.54,5.73,4.07,418.27,78.14,0.76,149.78,11.45,65.69,54.64,104.0,4.0
2.34,2.19,7.92,9.0,0.95,5.82,4.57,497.53,122.63,0.9,239.23,10.44,63.27,51.2,0.0,-0.16
2.34,5.51,6.94,9.0,1.41,5.73,4.83,526.17,127.44,0.95,262.64,10.73,64.36,52.49,0.0,-0.27
2.34,5.64,7.5,9.0,0.95,5.73,4.39,468.44,105.61,0.85,201.58,11.13,65.27,53.58,0.0,-1.08
3.31,2.95,6.94,9.0,1.41,5.73,4.81,636.78,205.1,1.07,370.18,10.35,65.67,49.74,0.0,0.6
2.34,5.51,13.87,9.0,1.15,2.72,4.51,508.78,121.87,0.91,242.01,10.83,65.29,52.44,0.0,-0.6
2.24,5.51,13.87,9.0,1.38,3.58,4.35,471.29,95.52,0.86,210.17,10.81,63.83,52.89,0.0,-0.87
2.34,5.51,4.82,9.0,1.52,4.42,4.08,461.29,79.84,0.84,200.97,10.59,63.49,51.79,0.0,-0.88
4.33,1.71,14.31,9.0,1.41,7.57,5.47,770.26,310.04,1.16,499.24,9.95,67.51,46.57,0.0,2.17
2.48,5.54,7.54,9.0,1.41,5.73,4.28,539.49,135.32,0.97,274.0,10.74,64.98,51.86,0.0,-0.6
2.34,5.51,7.8,9.0,1.23,5.73,4.23,475.84,99.86,0.87,211.3,10.93,64.69,53.15,0.0,-1.05
4.11,5.51,13.87,9.0,0.81,5.73,4.33,494.78,133.26,0.88,224.03,11.18,66.21,53.54,0.0,-1.04
2.24,5.51,4.4,9.0,1.38,6.46,4.61,504.63,111.83,0.9,239.9,10.72,64.75,52.16,0.0,-0.46
2.24,5.51,10.56,9.0,1.05,7.14,4.14,459.55,93.45,0.81,189.14,11.16,66.17,53.15,0.0,-1.29
4.14,4.92,13.87,9.0,1.38,3.58,4.32,522.64,124.53,0.92,256.43,10.71,64.98,52.49,0.0,-0.67
2.24,5.51,12.13,9.0,1.96,5.6,4.25,488.8,96.17,0.87,228.39,10.52,63.49,51.06,0.0,-0.55
2.41,4.34,13.87,9.0,1.38,2.66,4.42,476.85,95.64,0.87,218.02,10.59,63.3,51.9,0.0,-0.56
4.12,4.77,13.87,9.0,1.38,3.58,4.31,485.27,101.65,0.86,219.6,10.71,64.94,52.14,0.0,-0.73
4.89,5.51,9.18,9.0,1.38,3.58,4.24,497.95,110.15,0.89,235.73,10.74,64.04,52.69,0.0,-0.83
2.24,3.05,13.87,9.0,1.28,3.58,4.57,526.89,128.85,0.93,262.47,10.53,64.74,50.96,0.0,-0.16
2.34,5.51,13.87,9.0,0.95,4.02,4.24,467.04,106.53,0.86,201.85,11.12,64.86,53.84,0.0,-1.22
1.74,4.18,13.87,9.0,0.95,5.73,4.5,493.24,124.18,0.9,226.07,11.05,65.28,53.18,0.0,-0.82
2.34,5.08,14.57,9.0,0.95,2.33,4.47,535.5,154.14,0.97,269.72,10.86,65.0,52.78,0.0,-0.56
2.34,3.93,13.87,9.0,0.66,4.91,4.12,424.72,79.45,0.76,157.53,11.2,65.2,54.07,28.0,4.0
2.34,5.51,13.87,9.0,0.95,6.81,5.18,473.6,112.2,0.87,206.35,11.18,65.28,53.98,0.0,-0.52
2.34,3.97,13.87,9.0,0.95,2.58,4.56,515.0,135.97,0.93,249.81,10.77,64.85,52.65,0.0,-0.49
2.34,5.32,13.87,9.0,0.95,6.24,4.69,442.13,86.45,0.8,174.4,11.19,65.47,53.34,0.0,-0.94
2.34,1.49,13.65,9.0,0.95,5.73,5.25,544.49,155.96,0.96,287.2,10.07,62.94,49.96,1.0,4.0
3.66,5.51,13.87,9.0,1.23,5.73,4.95,647.71,234.83,1.14,377.62,10.76,66.9,51.36,0.0,0.38
2.34,5.51,13.87,9.0,1.57,5.73,4.39,500.86,106.69,0.89,237.24,10.78,64.4,52.36,0.0,-0.71
2.34,5.34,13.87,9.0,0.95,5.45,4.52,493.95,126.2,0.91,227.32,11.16,65.22,54.05,0.0,-0.97
2.52,3.62,4.4,9.0,0.52,3.26,4.01,435.12,82.78,0.77,169.77,10.9,64.85,52.48,58.0,4.0
3.31,5.51,13.87,9.0,1.05,2.17,4.37,505.06,125.34,0.9,238.44,10.83,65.17,52.68,0.0,-0.72
2.34,4.9,6.63,9.0,0.95,2.86,4.16,448.22,86.11,0.8,184.04,10.88,64.6,52.9,0.0,-1.1
2.34,5.51,6.02,9.0,0.95,5.73,4.85,478.16,112.74,0.85,211.37,11.05,65.19,53.35,0.0,-0.62
2.34,5.51,7.94,9.0,0.95,5.73,4.15,455.95,94.77,0.81,188.04,11.12,65.58,53.18,0.0,-1.26
3.31,4.92,3.83,9.0,1.05,2.17,4.58,469.86,93.3,0.83,208.57,10.53,63.87,51.59,0.0,-0.38
2.12,5.51,13.87,9.0,1.04,7.9,4.74,471.11,106.05,0.86,203.37,11.16,65.46,53.54,0.0,-0.82
3.77,5.51,5.48,9.0,0.71,3.75,4.24,494.72,133.64,0.88,226.58,11.05,65.47,53.26,15.0,4.0
1.95,5.51,8.72,9.0,1.05,2.17,4.36,518.91,135.17,0.93,254.36,10.76,64.65,52.29,0.0,-0.6
4.1,5.69,13.87,9.0,1.01,2.17,4.37,513.87,132.06,0.91,246.35,10.82,65.36,52.54,0.0,-0.67
3.31,5.51,13.25,9.0,1.05,7.58,4.31,499.84,126.58,0.89,229.72,11.11,66.2,53.21,0.0,-1.0
4.87,2.55,12.47,9.0,1.11,4.77,4.65,560.31,173.19,0.98,298.03,10.53,64.3,51.14,0.0,0.06
3.31,5.51,13.87,9.0,0.97,3.62,4.44,565.7,180.43,0.99,295.02,10.92,66.74,51.72,0.0,-0.38
2.7,5.51,4.97,9.0,1.63,7.98,4.1,466.39,82.59,0.84,205.58,10.64,63.7,51.9,0.0,-0.9
2.34,5.51,13.87,9.0,1.07,4.47,4.61,459.95,92.9,0.82,190.8,11.08,65.86,52.81,0.0,-0.84
2.31,5.51,7.54,9.0,0.95,6.05,4.45,515.68,139.38,0.92,246.79,11.04,65.77,52.91,0.0,-0.76
2.71,2.52,4.73,9.0,0.95,5.73,4.51,510.67,131.52,0.91,250.63,10.47,63.67,51.0,0.0,-0.16
2.34,5.23,13.87,9.0,0.95,3.79,4.24,497.81,126.1,0.88,228.72,11.05,65.87,52.91,0.0,-0.98
2.34,2.96,8.64,9.0,0.98,5.73,5.07,531.33,150.06,0.98,269.74,10.69,64.04,52.66,0.0,0.01
2.76,5.51,13.87,9.0,0.95,7.77,4.73,464.37,104.4,0.85,195.71,11.2,65.67,53.59,0.0,-0.87
2.34,3.21,11.7,9.0,1.4,5.93,4.67,584.58,163.73,1.03,318.81,10.56,65.1,51.07,0.0,0.03
2.34,1.88,4.0,9.0,0.95,3.79,5.09,557.13,160.26,0.99,301.8,9.92,62.57,49.43,0.0,0.93
4.47,5.23,13.82,9.0,1.44,5.58,4.31,490.35,105.82,0.88,225.84,10.81,64.67,52.59,0.0,-0.83
2.34,5.31,13.87,9.0,0.95,2.83,4.48,516.67,136.83,0.91,247.91,10.95,65.95,52.45,0.0,-0.64
3.09,5.23,10.29,9.0,0.78,3.79,4.59,467.68,111.15,0.85,200.6,11.09,65.24,53.26,4.0,4.0
2.34,4.87,7.04,9.0,0.9,2.06,4.73,452.88,89.7,0.83,191.04,10.75,63.92,52.9,0.0,-0.57
2.22,2.07,13.87,9.0,1.52,3.79,4.67,544.28,133.86,0.96,288.68,10.02,62.61,49.4,0.0,0.44
2.34,5.23,13.87,9.0,1.73,4.24,4.35,515.8,108.03,0.93,255.19,10.54,63.66,51.69,0.0,-0.51
1.56,1.59,13.87,9.0,0.66,3.79,4.62,501.15,127.22,0.87,242.0,10.18,63.39,49.88,41.0,4.0
1.56,2.76,12.91,9.0,0.66,3.79,4.78,451.27,96.92,0.81,188.59,10.74,64.3,52.08,69.0,4.0
2.76,4.95,13.87,9.0,0.66,3.79,4.14,449.02,100.24,0.81,181.86,11.2,65.22,53.28,27.0,4.0
1.56,3.14,13.87,9.0,0.66,6.98,4.38,435.38,87.63,0.79,170.8,11.07,64.69,53.51,77.0,4.0
1.56,1.59,13.87,9.0,0.66,7.79,4.66,477.25,114.68,0.85,219.05,10.36,63.28,50.43,56.0,4.0
2.77,3.51,13.87,9.0,0.66,6.55,4.33,456.14,107.29,0.84,189.8,11.1,65.06,53.68,33.0,4.0
1.56,1.59,7.82,9.0,1.05,4.34,4.9,577.72,167.38,1.01,318.81,9.91,63.66,48.81,0.0,0.89
1.56,1.59,13.87,9.0,0.66,7.94,4.78,472.21,112.85,0.87,216.15,10.35,62.6,51.53,54.0,4.0
1.56,1.59,14.54,9.0,0.66,3.83,4.85,606.01,213.29,1.04,343.11,10.06,64.87,48.54,62.0,4.0
2.34,5.51,14.52,9.0,0.95,3.3,4.43,473.82,109.11,0.86,207.3,11.09,65.15,53.41,0.0,-0.99
4.42,4.33,13.87,9.0,1.21,5.73,4.17,471.05,101.99,0.84,204.96,10.98,65.12,53.12,0.0,-1.12
4.14,3.06,4.22,9.0,0.72,2.39,4.26,482.35,114.95,0.84,219.8,10.45,64.26,50.73,0.0,-0.38
4.47,5.51,9.9,9.0,0.64,6.19,4.09,447.93,100.49,0.78,176.26,11.31,66.56,53.47,24.0,4.0
3.02,5.51,13.94,9.0,1.05,5.73,4.45,517.33,139.88,0.92,248.14,11.05,65.83,52.81,0.0,-0.75
4.92,2.71,13.87,9.0,1.51,4.51,4.83,631.24,195.97,1.05,364.06,10.3,66.03,49.45,0.0,0.64
2.84,5.51,11.68,9.0,1.9,6.26,4.66,622.16,172.29,1.09,356.88,10.45,65.2,50.37,0.0,0.21
4.2,5.51,13.87,9.0,0.88,5.73,4.23,499.33,133.27,0.91,230.38,11.14,65.74,53.6,0.0,-1.1
4.62,5.51,4.47,9.0,0.88,6.63,4.25,480.94,118.57,0.85,214.52,11.04,65.18,52.99,0.0,-1.01
3.94,5.27,13.87,9.0,1.06,5.73,4.29,500.12,126.71,0.89,232.88,11.06,65.35,53.23,0.0,-0.99
1.76,5.51,4.89,9.0,0.88,2.25,4.28,488.4,116.5,0.87,223.89,10.79,64.63,52.2,0.0,-0.75
4.2,5.51,14.39,9.0,0.88,5.93,4.27,520.61,151.79,0.94,252.22,11.12,65.69,53.44,0.0,-0.96
4.2,3.2,13.87,9.0,1.68,4.49,4.45,546.72,131.85,0.95,285.75,10.33,63.93,50.23,0.0,-0.03
4.2,5.51,10.38,9.0,0.88,5.73,4.53,466.96,111.63,0.84,201.03,11.14,65.01,53.74,0.0,-0.97
4.64,5.51,7.9,9.0,0.88,3.97,4.3,457.92,98.59,0.81,188.96,11.06,65.79,52.97,0.0,-1.06
4.75,5.51,13.87,9.0,0.88,6.16,4.42,543.32,174.19,0.97,274.24,11.06,66.02,53.0,0.0,-0.66
4.64,3.76,7.9,9.0,1.97,3.97,4.58,583.78,143.18,1.01,328.23,10.05,62.32,49.54,0.0,0.37
4.64,5.51,7.9,9.0,0.88,7.08,4.18,491.36,128.19,0.87,221.97,11.1,66.06,53.0,0.0,-1.06
4.64,3.2,7.9,9.0,1.3,3.97,4.45,546.02,146.67,0.96,284.69,10.42,63.99,50.77,0.0,-0.09
4.5,5.51,7.9,9.0,0.88,5.05,4.47,471.57,111.55,0.83,202.89,11.1,65.73,53.14,0.0,-0.92
4.64,2.79,13.57,9.0,1.98,3.97,4.97,693.12,219.93,1.09,428.76,9.95,65.38,47.72,0.0,1.27
4.64,5.51,7.9,9.0,0.88,7.16,4.25,468.79,111.36,0.85,201.7,11.13,65.3,53.98,0.0,-1.21
4.73,5.51,10.52,9.0,1.95,3.97,4.69,554.26,127.7,0.98,294.83,10.28,63.24,50.65,0.0,0.12
4.32,5.51,7.71,9.0,0.88,6.61,4.26,473.54,114.67,0.85,206.31,11.14,65.35,53.59,0.0,-1.15
3.77,5.17,13.87,9.0,1.91,2.89,4.62,588.18,148.3,1.05,327.37,10.21,63.69,50.35,0.0,0.23
2.18,5.51,13.87,9.0,0.95,5.73,4.18,471.74,109.44,0.85,203.47,11.19,65.58,53.5,0.0,-1.26
3.09,5.51,13.87,9.0,0.59,7.58,3.96,417.13,80.33,0.75,149.71,11.44,65.38,54.36,58.0,4.0
4.45,5.64,13.87,9.0,0.95,5.73,4.29,470.63,111.41,0.85,203.7,11.16,65.28,53.69,0.0,-1.17
2.34,5.51,8.2,9.0,0.95,5.73,4.93,508.7,135.12,0.91,239.79,11.06,65.79,53.1,0.0,-0.44
2.34,1.54,13.87,9.0,0.95,6.7,5.7,714.67,287.48,1.16,448.58,10.03,66.18,47.26,0.0,2.12
2.34,4.73,13.87,9.0,0.95,5.73,4.36,500.49,129.48,0.91,233.03,11.09,65.35,53.5,0.0,-0.97
2.34,5.51,5.0,9.0,0.95,5.73,4.26,512.6,133.97,0.91,242.85,11.01,66.06,52.34,0.0,-0.84
4.52,3.82,13.87,9.0,1.57,6.25,4.49,528.39,128.2,0.96,267.39,10.6,63.83,51.94,0.0,-0.39
2.34,4.73,12.08,9.0,1.45,4.03,4.81,484.53,96.93,0.86,219.31,10.74,64.82,51.96,0.0,-0.36
4.5,4.73,13.87,9.0,0.95,5.73,4.26,457.36,100.79,0.83,191.0,11.14,65.13,53.88,0.0,-1.24
2.99,5.25,11.63,9.0,0.74,5.04,4.28,461.83,109.45,0.82,193.5,11.17,65.6,53.19,12.0,4.0
4.96,5.4,13.87,9.0,1.07,5.73,4.43,516.14,137.89,0.93,247.37,11.04,65.84,53.44,0.0,-0.84
2.34,4.73,13.87,9.0,0.83,5.73,4.48,515.21,146.37,0.92,245.84,11.11,66.05,52.82,2.0,4.0
4.28,3.92,13.73,9.0,0.95,5.73,4.49,558.77,174.06,0.96,286.81,10.92,67.21,51.71,0.0,-0.37
2.34,3.44,13.87,9.0,1.6,5.73,4.51,575.93,151.82,1.0,309.93,10.49,65.32,50.59,0.0,-0.04
2.96,3.34,13.87,9.0,1.07,5.73,4.49,548.7,163.21,0.98,282.87,10.76,65.16,51.9,0.0,-0.34
4.96,5.4,13.87,9.0,1.26,5.73,5.02,683.84,269.07,1.19,412.49,10.67,67.33,51.07,0.0,0.67
4.31,5.4,8.19,9.0,1.07,2.84,4.49,566.63,169.88,1.01,299.29,10.69,65.43,51.78,0.0,-0.25
4.96,5.4,9.49,9.0,1.07,6.09,4.27,489.19,118.19,0.88,222.21,11.01,65.33,53.11,0.0,-0.99
1.49,5.51,6.89,9.0,0.68,5.73,4.54,437.01,86.26,0.78,167.7,11.25,65.93,53.59,46.0,4.0
2.34,5.51,7.55,9.0,1.58,5.73,4.21,481.77,94.75,0.87,221.26,10.65,63.51,52.08,0.0,-0.79
3.78,4.65,13.87,9.0,0.95,6.43,4.22,481.46,116.93,0.86,213.96,11.11,65.42,53.21,0.0,-1.11
4.98,5.51,8.83,9.0,0.95,5.73,4.32,446.13,93.17,0.81,179.88,11.11,65.12,53.88,0.0,-1.21
4.79,5.51,7.71,9.0,1.58,5.73,4.45,474.33,92.16,0.86,214.42,10.66,63.47,52.3,0.0,-0.65
2.34,5.12,7.55,9.0,1.58,7.61,4.42,528.71,124.52,0.95,266.83,10.66,63.93,52.11,0.0,-0.51
2.34,5.51,9.29,9.0,0.95,2.73,4.29,447.56,84.47,0.8,180.48,11.01,65.27,53.14,0.0,-1.12
2.34,3.78,7.33,9.0,0.95,3.64,4.34,506.17,128.66,0.9,239.55,10.81,65.24,52.09,0.0,-0.65
1.68,5.51,14.8,9.0,0.85,3.46,4.31,482.24,117.72,0.86,213.33,11.1,65.84,52.8,2.0,4.0
2.34,5.51,9.6,9.0,1.03,6.26,4.61,447.81,88.99,0.82,182.71,11.11,64.84,53.78,0.0,-0.99
2.45,5.51,14.69,9.0,1.58,5.73,4.2,486.71,99.56,0.88,225.0,10.77,63.96,52.39,0.0,-0.89
2.34,5.51,9.57,9.0,1.53,5.73,4.25,502.41,108.97,0.91,239.05,10.74,64.44,52.47,0.0,-0.8
3.96,3.52,9.74,9.0,1.58,3.7,4.61,502.2,107.02,0.9,244.4,10.37,63.01,51.13,0.0,-0.14
2.45,3.85,14.69,9.0,1.58,5.73,4.58,564.92,144.46,1.0,299.09,10.54,65.24,50.77,0.0,-0.07
2.34,5.51,14.69,9.0,1.21,5.73,4.46,486.59,111.72,0.89,220.5,11.06,65.07,53.89,0.0,-1.0
2.45,4.73,13.87,9.0,1.58,6.31,4.41,513.41,113.7,0.95,251.81,10.75,63.89,52.73,0.0,-0.7
3.77,5.51,13.87,9.0,1.97,5.26,4.76,538.18,117.64,0.96,277.36,10.39,63.74,51.01,0.0,0.02
2.34,3.08,14.66,9.0,0.95,5.05,4.51,545.33,160.89,0.97,279.42,10.76,65.28,51.77,0.0,-0.31
2.45,1.79,14.69,9.0,0.95,2.31,4.87,564.5,165.68,0.99,306.29,9.92,63.21,49.25,0.0,0.81
2.43,5.51,13.87,9.0,1.19,5.73,4.52,518.24,132.18,0.93,250.27,10.97,65.56,52.91,0.0,-0.69
2.34,5.51,13.87,9.0,0.95,3.55,4.3,474.1,108.23,0.86,206.86,11.1,65.31,53.6,0.0,-1.12
2.34,5.51,13.87,9.0,0.95,3.37,4.27,454.99,91.92,0.81,185.49,11.09,65.99,52.91,0.0,-1.13
1.7,5.51,13.87,9.0,0.51,5.26,4.26,416.11,75.65,0.76,148.54,11.44,65.51,54.51,137.0,4.0
2.12,2.47,13.72,9.0,1.09,5.26,4.6,519.29,131.44,0.92,254.83,10.6,64.8,51.2,0.0,-0.2
2.34,4.25,13.87,9.0,1.69,5.73,4.58,570.62,142.28,1.02,306.45,10.55,64.65,51.31,0.0,-0.15
2.34,3.58,13.87,9.0,0.63,5.73,4.47,490.92,137.72,0.88,224.53,11.05,65.17,52.85,97.0,4.0
1.41,2.93,12.26,9.0,0.95,5.73,4.52,507.53,132.62,0.92,244.19,10.78,64.48,52.29,0.0,-0.5
1.5,3.07,13.87,9.0,0.95,5.73,5.09,492.25,121.6,0.89,226.32,10.8,65.19,52.13,0.0,-0.1
4.83,5.51,13.87,9.0,0.95,5.73,4.41,519.85,150.32,0.94,251.96,11.03,65.55,52.89,0.0,-0.74
2.86,1.89,13.87,9.0,1.04,5.73,4.85,590.55,191.55,1.04,328.14,10.3,64.7,49.92,0.0,0.58
2.34,5.51,12.59,9.0,0.95,5.73,4.13,472.68,107.0,0.84,203.34,11.17,65.96,53.18,0.0,-1.25
2.34,3.15,13.87,9.0,0.97,5.73,4.33,459.68,96.1,0.82,194.84,10.92,64.82,52.63,0.0,-0.92
2.34,2.8,13.87,9.0,1.57,5.73,4.7,568.81,146.67,1.01,307.09,10.39,64.14,50.44,0.0,0.16
4.45,5.51,13.87,9.0,0.95,5.73,4.08,446.48,91.58,0.79,177.95,11.17,65.72,53.2,0.0,-1.36
2.2,5.51,8.0,9.0,1.68,7.06,4.17,488.26,98.65,0.88,225.27,10.68,64.22,52.16,0.0,-0.83
1.91,2.23,13.87,9.0,0.7,5.73,4.53,452.49,99.47,0.83,193.08,10.68,63.49,52.42,40.0,4.0
3.07,5.51,4.51,9.0,0.67,5.73,4.09,455.51,103.13,0.83,188.88,11.13,65.13,53.41,30.0,4.0
1.45,5.51,7.16,9.0,0.95,5.73,4.3,476.63,110.58,0.85,207.13,11.11,65.92,53.07,0.0,-1.06
2.34,3.71,13.87,9.0,0.95,5.73,4.38,489.12,119.59,0.9,223.55,11.0,64.9,53.55,0.0,-0.95
2.34,3.26,13.87,9.0,0.95,6.6,4.97,517.3,140.82,0.92,251.23,10.88,65.17,52.11,0.0,-0.16
2.34,5.6,13.87,9.0,1.47,4.61,4.29,503.53,113.77,0.92,242.71,10.79,63.68,52.84,0.0,-0.83
2.34,5.51,7.84,9.0,0.95,5.73,4.2,449.51,91.08,0.82,182.95,11.15,65.22,53.89,0.0,-1.34
4.47,5.51,4.12,9.0,0.6,6.34,4.17,473.77,124.18,0.84,205.73,11.13,65.53,53.42,34.0,4.0
2.34,5.51,13.87,9.0,0.95,7.81,4.34,460.68,101.83,0.85,193.68,11.22,65.28,53.85,0.0,-1.22
2.34,5.51,13.87,9.0,0.95,4.19,4.28,447.76,91.67,0.82,181.74,11.16,65.02,53.95,0.0,-1.29
2.34,5.51,7.9,9.0,0.95,5.2,4.31,507.45,132.73,0.91,238.55,11.05,65.8,53.29,0.0,-0.95
1.4,5.17,11.9,9.0,0.95,4.01,4.25,479.32,111.55,0.85,210.09,11.1,65.87,52.94,0.0,-1.07
2.27,4.44,13.87,9.0,1.77,6.21,4.74,513.96,108.79,0.91,250.73,10.53,64.42,51.02,0.0,-0.12
1.96,4.72,13.87,9.0,1.2,7.23,4.28,496.37,117.31,0.89,229.42,11.01,65.32,52.99,0.0,-0.97
2.34,3.97,12.2,9.0,1.49,5.73,4.24,505.14,108.62,0.89,240.67,10.71,64.69,51.89,0.0,-0.72
3.12,5.51,11.41,9.0,0.95,5.73,4.29,458.44,98.52,0.82,189.35,11.18,65.85,53.32,0.0,-1.19
2.34,5.51,7.04,9.0,0.95,5.73,4.19,490.57,121.44,0.88,223.26,11.05,65.35,53.07,0.0,-1.06
1.4,4.9,11.9,9.0,1.86,4.01,4.23,465.16,88.02,0.83,204.72,10.49,63.52,51.09,0.0,-0.58
1.4,3.91,11.9,9.0,1.01,3.58,4.41,516.22,134.03,0.91,249.21,10.82,65.41,51.72,0.0,-0.53
1.4,5.17,9.86,9.0,0.95,5.95,4.23,503.95,134.1,0.9,235.85,11.1,65.7,52.79,0.0,-0.98
1.4,3.57,13.58,9.0,1.98,5.39,4.91,535.09,124.75,0.96,278.12,10.23,62.75,50.03,0.0,0.38
1.4,5.17,11.9,9.0,0.95,4.01,4.25,479.32,111.55,0.85,210.09,11.1,65.87,52.94,0.0,-1.07
3.23,5.17,9.25,9.0,1.82,5.51,4.55,560.71,138.29,0.99,297.36,10.44,64.35,50.94,0.0,-0.08
3.33,5.17,11.9,9.0,0.95,4.76,4.35,477.84,114.6,0.86,211.22,11.09,65.18,53.53,0.0,-1.04
4.16,5.17,11.9,9.0,0.95,4.01,4.16,456.3,98.34,0.83,192.21,11.08,64.5,53.93,0.0,-1.3
1.54,5.17,9.25,9.0,1.16,5.51,4.29,464.83,96.24,0.84,196.89,11.03,65.52,53.05,0.0,-1.07
3.23,3.89,9.55,9.0,1.98,5.51,4.54,566.97,133.22,0.97,307.04,10.24,63.44,50.27,0.0,0.1
4.72,2.95,9.25,9.0,1.82,5.51,5.02,792.41,295.43,1.15,517.4,10.08,68.75,46.32,0.0,1.71
1.73,5.17,15.0,9.0,0.9,5.07,4.37,488.2,122.46,0.87,219.37,11.15,65.77,53.17,0.0,-0.99
3.23,5.17,9.25,9.0,1.55,4.82,4.35,523.43,121.49,0.93,259.95,10.6,64.39,51.87,0.0,-0.51
3.23,5.17,7.46,9.0,1.23,3.5,4.39,525.11,134.16,0.93,261.46,10.72,64.43,52.1,0.0,-0.53
2.47,5.17,13.18,9.0,1.95,5.51,4.44,536.52,113.22,0.95,274.77,10.43,64.0,50.61,0.0,-0.22
4.33,5.17,13.35,9.0,1.82,5.13,4.24,488.04,92.99,0.9,231.31,10.53,62.55,52.43,0.0,-0.74
1.54,5.17,4.19,9.0,1.53,5.51,4.52,448.67,81.59,0.8,189.8,10.57,63.15,51.74,0.0,-0.51
3.06,5.17,9.25,9.0,1.08,2.31,4.47,489.81,113.79,0.88,226.04,10.74,64.5,52.35,0.0,-0.6
1.56,5.51,14.72,9.0,0.95,6.16,4.48,474.68,111.56,0.86,207.07,11.2,65.42,53.52,0.0,-1.02
1.37,5.51,5.07,9.0,1.64,3.92,4.22,474.98,100.54,0.84,214.56,10.46,63.61,51.05,0.0,-0.52
1.54,1.67,5.8,9.0,1.09,5.51,4.78,522.46,128.36,0.92,267.87,9.99,62.38,49.6,0.0,0.5
1.54,1.72,9.25,9.0,1.16,7.59,4.68,508.59,120.95,0.92,252.95,10.17,62.64,50.25,0.0,0.2
3.56,5.75,13.87,9.0,1.11,5.73,4.48,470.82,102.27,0.83,202.24,11.1,65.72,53.43,0.0,-0.99
2.34,5.51,13.87,9.0,0.95,4.3,4.43,462.93,103.72,0.86,198.21,11.14,64.71,54.32,0.0,-1.15
3.06,5.17,6.11,9.0,1.08,2.31,4.76,513.4,131.98,0.92,252.69,10.63,63.61,52.9,0.0,-0.29
1.8,3.0,8.84,9.0,1.08,4.79,4.42,504.74,124.83,0.91,244.3,10.66,63.69,52.11,0.0,-0.51
3.06,5.19,9.25,9.0,1.08,2.31,4.51,521.82,138.96,0.94,258.03,10.7,64.52,52.47,0.0,-0.45
3.06,3.87,10.19,9.0,0.98,2.31,4.71,591.17,195.3,1.05,326.27,10.53,65.09,50.94,0.0,0.22
3.06,3.89,9.25,9.0,0.63,2.31,4.35,453.47,100.93,0.82,190.09,10.84,64.36,52.86,24.0,4.0
3.81,5.17,9.25,9.0,1.13,2.31,4.41,510.51,126.87,0.93,248.25,10.68,64.07,52.95,0.0,-0.62
3.06,5.17,9.25,9.0,1.85,6.53,4.05,470.87,80.27,0.82,208.59,10.54,64.13,50.93,0.0,-0.77
1.74,5.09,4.78,9.0,1.08,6.98,4.16,494.88,118.0,0.88,228.03,10.93,65.33,52.42,0.0,-0.95
3.06,5.17,13.82,9.0,1.41,2.21,4.25,517.34,118.79,0.9,253.52,10.55,64.51,50.96,0.0,-0.46
2.34,5.31,13.87,9.0,1.5,6.06,4.48,511.91,116.45,0.92,247.42,10.81,64.71,52.58,0.0,-0.65
1.46,5.17,9.25,9.0,0.91,5.73,4.33,497.05,132.06,0.9,230.09,11.12,65.25,53.33,0.0,-0.98
3.06,5.3,10.35,9.0,1.65,6.53,4.97,689.51,239.56,1.16,419.85,10.46,66.61,49.42,0.0,0.83
3.06,3.34,14.01,9.0,0.95,7.32,4.33,473.87,112.14,0.87,209.25,10.94,64.8,52.88,0.0,-0.9
2.34,5.39,13.87,9.0,1.73,5.73,4.31,515.95,107.52,0.94,255.29,10.62,63.63,52.39,0.0,-0.68
2.34,5.51,9.25,9.0,1.85,6.53,4.13,465.2,83.55,0.84,206.67,10.57,63.06,51.83,0.0,-0.82
2.43,5.26,13.87,9.0,0.95,6.06,4.23,445.61,87.41,0.8,176.06,11.2,66.05,53.54,0.0,-1.32
1.46,5.17,11.01,9.0,0.91,7.15,4.27,467.2,105.87,0.85,198.54,11.22,65.69,53.42,0.0,-1.21
1.46,2.66,9.25,9.0,0.64,5.73,4.39,428.68,81.06,0.78,167.75,10.86,63.82,53.06,61.0,4.0
1.46,5.17,9.25,9.0,0.91,3.44,4.03,462.91,99.86,0.82,195.36,11.0,65.55,52.36,0.0,-1.16
1.46,1.82,12.12,9.0,0.91,5.73,4.65,534.12,149.71,0.95,275.08,10.32,63.44,50.51,1.0,4.0
1.71,5.17,13.62,9.0,0.91,5.73,4.42,521.82,147.37,0.92,251.26,11.14,66.49,52.82,0.0,-0.8
1.46,4.52,9.25,9.0,0.89,5.73,4.47,510.73,142.66,0.93,244.25,11.07,65.13,53.41,0.0,-0.81
1.46,3.64,9.25,9.0,0.91,4.07,5.0,481.36,114.44,0.9,218.5,10.87,64.31,53.56,0.0,-0.41
1.46,5.18,4.62,9.0,1.51,5.73,4.23,509.41,126.17,0.92,249.5,10.58,63.43,51.91,0.0,-0.58
1.46,1.64,9.25,9.0,1.62,4.07,5.12,706.82,230.41,1.12,442.94,9.59,65.61,45.51,0.0,1.92
1.46,5.01,9.25,9.0,0.91,5.68,4.45,492.0,123.9,0.87,221.45,11.09,66.32,52.67,0.0,-0.83
1.46,2.2,13.11,9.0,0.95,4.07,4.6,548.58,156.29,0.96,284.55,10.43,64.93,50.13,0.0,0.14
2.34,4.94,13.87,9.0,0.94,5.73,4.31,465.98,105.19,0.86,199.18,11.16,65.22,54.01,0.0,-1.22
2.34,5.51,13.87,9.0,0.95,3.74,4.28,462.83,102.02,0.85,196.67,11.15,65.09,53.74,0.0,-1.21
2.45,5.18,13.87,9.0,0.52,5.73,4.24,416.79,78.59,0.76,148.51,11.43,65.63,54.47,97.0,4.0
2.34,5.51,12.86,9.0,0.95,4.07,4.28,468.69,103.94,0.84,200.66,11.16,65.55,53.8,0.0,-1.22
1.46,4.07,9.25,9.0,0.91,5.73,4.41,494.71,127.99,0.91,230.12,11.02,64.71,53.52,0.0,-0.9
1.39,5.51,13.87,9.0,0.95,3.23,5.13,506.77,133.3,0.91,236.95,11.04,66.01,53.18,1.0,4.0
4.03,5.51,5.11,9.0,0.95,4.58,4.22,483.28,117.0,0.88,218.19,10.98,64.83,53.71,0.0,-1.09
4.41,5.51,13.87,9.0,1.36,3.84,4.23,487.6,105.76,0.88,223.71,10.83,64.52,53.02,0.0,-0.95
1.45,5.51,13.87,9.0,1.82,5.73,4.27,549.75,153.55,0.95,283.35,10.57,65.54,50.38,0.0,-0.25
2.88,3.18,13.87,9.0,0.89,2.55,4.47,484.91,117.01,0.88,221.77,10.64,64.33,52.31,0.0,-0.52
2.34,5.51,8.34,9.0,0.95,5.73,4.47,486.23,119.16,0.89,220.06,11.1,65.03,53.97,0.0,-0.99
2.34,3.25,4.32,9.0,1.67,5.79,4.83,534.4,123.34,0.96,279.55,10.18,62.11,50.48,0.0,0.29
2.34,5.51,10.89,9.0,0.95,4.54,4.21,479.0,113.94,0.87,212.37,11.11,65.2,53.44,0.0,-1.16
4.41,5.51,12.19,9.0,1.2,3.84,4.38,519.23,132.41,0.91,250.12,10.9,65.87,52.68,0.0,-0.73
4.41,2.18,12.09,9.0,1.36,3.84,5.04,735.08,285.03,1.13,464.99,10.05,67.12,47.25,0.0,1.59
1.33,5.51,13.39,9.0,1.83,3.21,4.4,509.03,125.14,0.91,248.73,10.43,63.46,51.18,0.0,-0.27
2.21,5.51,10.78,9.0,1.36,3.84,4.14,493.02,104.35,0.87,226.61,10.8,65.21,51.66,0.0,-0.85
3.56,5.51,5.96,9.0,1.97,6.5,4.49,619.37,168.51,1.05,354.84,10.21,65.27,48.64,0.0,0.42
4.41,2.56,12.41,9.0,0.63,3.84,4.35,481.87,129.63,0.86,219.2,10.69,64.32,51.93,12.0,4.0
4.41,5.74,13.87,9.0,1.36,3.84,4.43,523.47,128.27,0.93,258.11,10.78,64.98,52.28,0.0,-0.58
2.28,2.27,13.87,9.0,1.36,3.84,4.54,530.19,129.62,0.95,272.78,10.21,63.05,50.11,0.0,0.12
4.27,5.51,12.19,9.0,1.2,6.23,4.16,466.43,96.76,0.83,199.2,11.05,65.39,53.39,0.0,-1.22
4.41,2.91,13.87,9.0,0.97,4.65,4.79,642.63,239.95,1.06,371.78,10.59,67.23,49.68,0.0,0.58
1.97,5.51,10.71,9.0,1.69,4.44,4.15,505.13,113.31,0.9,244.47,10.57,63.65,51.22,0.0,-0.61
4.41,5.51,11.64,9.0,1.2,6.49,4.65,591.41,191.34,1.05,323.17,10.81,65.84,52.14,0.0,-0.16
2.34,2.54,12.19,9.0,0.95,5.94,4.62,509.8,133.2,0.92,247.21,10.68,64.32,52.19,0.0,-0.34
2.93,5.51,12.91,9.0,1.2,3.84,4.55,572.26,175.26,1.06,305.06,10.82,65.39,52.87,0.0,-0.39
2.89,5.51,12.36,9.0,0.95,3.06,4.4,529.94,151.68,0.95,261.46,10.96,65.7,52.67,0.0,-0.67
2.59,5.51,13.18,9.0,0.95,4.66,4.3,501.41,130.07,0.89,232.74,11.09,65.73,52.85,0.0,-0.94
2.34,1.64,13.87,9.0,0.95,4.09,4.72,573.22,176.68,1.0,314.76,10.07,63.62,49.45,0.0,0.62
2.34,4.64,13.87,9.0,0.95,5.73,4.45,505.4,134.68,0.92,238.88,11.1,65.15,53.32,0.0,-0.87
2.34,4.59,12.96,9.0,0.95,5.73,4.38,456.77,98.99,0.84,192.53,11.1,64.61,53.78,0.0,-1.12
3.71,5.51,4.81,9.0,0.89,5.73,4.17,447.17,92.46,0.81,182.56,11.04,64.65,53.72,0.0,-1.27
2.34,3.96,13.87,9.0,0.95,5.73,4.39,464.73,102.59,0.85,198.21,11.04,65.13,53.32,0.0,-1.01
3.97,5.51,12.88,9.0,0.96,5.73,4.56,459.13,103.31,0.84,192.91,11.12,65.05,54.11,0.0,-1.02
2.34,5.51,13.87,9.0,0.69,5.73,4.03,439.06,88.96,0.79,169.03,11.31,66.08,53.58,37.0,4.0
3.18,5.51,13.75,9.0,1.63,6.29,4.37,521.65,121.02,0.94,258.7,10.68,64.34,52.11,0.0,-0.58
2.34,2.12,9.16,9.0,0.95,5.49,4.76,577.73,182.34,1.01,315.07,10.39,64.68,50.13,0.0,0.39
2.34,5.59,13.87,9.0,1.88,6.96,4.78,527.45,119.73,0.94,264.29,10.59,64.31,51.59,0.0,-0.15
2.34,5.51,13.87,9.0,1.23,5.73,4.44,503.78,118.79,0.91,237.81,11.01,65.05,53.19,0.0,-0.87
1.41,5.51,13.54,9.0,0.95,3.51,4.82,477.3,114.54,0.87,211.13,11.09,65.09,53.79,0.0,-0.71
2.34,5.51,4.15,9.0,0.95,6.21,4.38,502.68,128.79,0.91,235.75,11.0,65.28,53.36,0.0,-0.89
2.34,2.29,13.87,9.0,1.7,5.73,4.92,527.0,118.93,0.92,269.73,10.18,62.98,49.68,0.0,0.44
1.51,2.37,13.87,9.0,0.95,4.86,4.98,622.45,218.2,1.1,355.02,10.46,66.02,49.86,0.0,0.7
2.34,5.7,13.87,9.0,1.75,5.73,4.38,531.02,126.08,0.95,268.42,10.61,64.14,51.9,0.0,-0.48
1.26,5.51,6.47,9.0,1.18,5.38,4.18,473.54,110.79,0.86,209.0,10.95,64.69,53.16,0.0,-1.06
3.9,5.51,10.51,9.0,0.95,5.73,4.12,458.94,99.85,0.82,190.24,11.16,65.69,53.52,0.0,-1.33
1.37,4.35,5.01,9.0,0.95,3.7,4.41,497.25,123.06,0.9,232.73,10.81,64.6,52.46,0.0,-0.66
2.34,5.51,4.7,9.0,1.64,3.55,4.08,458.81,73.24,0.81,199.3,10.42,63.27,50.75,0.0,-0.68
2.34,5.51,8.41,9.0,0.95,5.73,4.51,504.37,131.48,0.91,236.38,11.09,65.51,53.42,0.0,-0.84
2.34,2.0,13.87,9.0,1.74,3.85,5.04,743.52,251.15,1.15,476.13,9.8,66.39,46.29,0.0,1.72
1.84,5.51,13.33,9.0,0.95,6.05,4.43,495.64,127.96,0.91,228.12,11.2,65.39,54.04,0.0,-1.06
2.34,5.51,13.21,9.0,0.95,5.73,4.31,453.87,94.7,0.81,184.57,11.21,65.87,53.56,0.0,-1.24
2.34,3.64,5.61,9.0,0.95,5.73,4.21,456.62,91.17,0.81,190.43,10.85,65.18,52.36,0.0,-0.96
1.62,5.51,13.87,9.0,0.95,4.13,4.47,528.55,152.75,0.95,258.94,11.11,65.94,53.44,0.0,-0.8
2.34,4.08,13.13,9.0,0.95,3.41,4.8,465.42,102.85,0.84,200.25,10.92,64.88,52.94,0.0,-0.57
2.42,5.51,12.67,9.0,0.95,5.67,4.19,453.82,94.25,0.82,186.07,11.19,65.44,53.89,0.0,-1.36
2.34,5.51,14.54,9.0,0.89,5.73,4.1,441.77,88.8,0.8,174.51,11.21,65.3,53.67,0.0,-1.44
2.34,5.38,13.87,9.0,0.95,5.73,5.18,475.91,113.55,0.87,208.47,11.13,65.39,54.03,0.0,-0.49
3.96,3.09,13.87,9.0,0.95,5.73,4.45,541.35,160.49,0.93,271.28,10.77,66.72,50.76,0.0,-0.25
2.34,5.51,13.87,9.0,0.95,2.78,4.72,562.98,177.47,1.01,295.4,10.89,65.46,52.77,0.0,-0.28
2.34,4.25,13.87,9.0,0.95,4.57,4.32,473.28,107.76,0.87,206.87,11.04,65.14,53.7,0.0,-1.09
2.34,5.51,7.71,9.0,0.94,5.73,4.14,464.44,102.95,0.84,197.85,11.11,65.19,53.74,0.0,-1.29
2.34,5.45,13.87,9.0,0.95,5.73,4.11,442.69,86.98,0.8,175.22,11.2,65.38,53.53,0.0,-1.41
2.81,5.51,13.87,9.0,1.15,5.73,4.37,499.37,122.2,0.9,232.29,11.04,65.31,53.44,0.0,-0.96
2.34,4.88,13.87,9.0,1.71,6.07,4.71,478.52,92.34,0.89,220.29,10.64,63.06,52.51,0.0,-0.46
1.4,2.8,13.87,9.0,1.18,6.76,4.88,489.65,110.82,0.89,226.46,10.71,64.44,51.94,0.0,-0.22
4.09,5.36,13.87,9.0,1.84,5.73,4.94,733.29,260.9,1.16,463.53,10.34,66.61,48.87,0.0,1.04
3.45,5.51,14.18,9.0,0.95,5.73,4.3,490.9,125.6,0.87,222.29,11.19,65.65,53.72,0.0,-1.12
2.34,5.51,13.87,9.0,0.95,5.73,4.06,444.29,89.19,0.81,177.57,11.22,65.23,54.29,0.0,-1.55
1.91,5.51,11.25,9.0,1.95,6.93,4.39,552.1,146.49,0.98,289.15,10.47,64.32,50.89,0.0,-0.18
3.1,4.77,6.58,9.0,0.72,5.73,4.09,476.86,120.71,0.86,209.92,11.1,65.25,53.07,20.0,4.0
2.81,1.58,13.87,9.0,1.0,5.73,5.11,706.89,277.98,1.09,436.05,10.05,67.57,46.42,0.0,1.71
2.08,1.95,8.85,9.0,1.13,5.73,5.22,571.13,167.84,0.99,310.56,10.21,64.2,49.53,0.0,0.87
2.62,2.18,12.03,9.0,0.95,5.73,5.1,548.37,162.7,0.98,285.79,10.48,64.42,51.18,0.0,0.39
1.48,1.79,4.33,9.0,0.95,5.73,5.42,489.01,109.05,0.88,235.15,10.06,62.11,50.53,0.0,0.76
2.34,4.24,13.87,9.0,0.95,3.94,4.62,536.81,154.95,0.98,269.54,10.91,65.32,53.02,0.0,-0.5
2.81,1.58,13.87,9.0,1.4,5.73,5.44,704.97,255.12,1.08,439.09,9.84,66.18,46.29,0.0,2.02
2.81,1.58,11.99,9.0,1.0,5.73,5.36,662.01,244.34,1.07,396.79,10.0,66.01,47.34,0.0,1.69
4.09,1.58,13.87,9.0,0.53,3.59,4.99,626.62,243.15,1.06,365.08,10.09,64.62,49.56,86.0,4.0
2.81,1.58,12.3,9.0,1.38,6.48,5.08,687.52,245.26,1.09,424.46,9.88,65.36,46.86,0.0,1.61
2.81,1.58,4.64,9.0,1.01,5.73,5.03,637.96,225.25,1.11,379.33,9.87,63.64,48.45,0.0,1.3
4.03,1.58,13.87,9.0,1.0,5.73,5.01,641.13,238.49,1.05,377.87,10.05,65.13,48.43,0.0,1.23
2.81,1.58,11.79,9.0,1.92,6.19,5.13,726.4,240.7,1.14,464.01,9.55,65.18,45.3,0.0,2.02
2.81,1.58,11.47,9.0,1.0,4.66,5.19,664.44,247.88,1.1,401.03,9.94,65.21,48.0,0.0,1.53
4.26,1.58,5.11,9.0,0.95,4.0,4.91,674.49,257.99,1.05,411.93,9.74,65.07,46.64,0.0,1.64
2.56,5.51,13.87,9.0,1.01,5.73,4.26,439.29,83.92,0.81,173.85,11.2,64.89,54.38,0.0,-1.41
4.68,5.33,13.87,9.0,0.57,3.21,4.09,453.61,109.35,0.8,183.85,11.21,65.98,53.39,28.0,4.0
2.34,5.51,13.87,9.0,0.62,3.6,4.13,430.31,84.71,0.77,163.04,11.25,65.26,53.8,54.0,4.0
2.34,1.58,12.99,9.0,1.94,5.73,5.09,694.49,206.23,1.11,434.56,9.56,64.49,46.13,0.0,1.74
2.38,1.75,4.64,9.0,0.95,3.48,4.81,584.11,179.06,1.05,326.75,9.85,63.15,48.82,0.0,0.91
3.49,5.47,13.63,9.0,1.01,5.73,4.19,472.64,106.49,0.83,202.18,11.11,66.19,52.78,0.0,-1.13
2.71,5.3,13.87,9.0,0.95,5.32,4.37,488.48,123.09,0.88,221.65,11.12,65.23,53.39,0.0,-1.0
3.07,5.51,13.87,9.0,1.8,6.07,4.31,498.02,101.29,0.88,234.41,10.59,64.48,51.41,0.0,-0.57
2.34,5.51,13.87,9.0,1.65,4.32,4.38,526.3,117.0,0.96,265.2,10.62,63.72,52.21,0.0,-0.56
3.73,5.51,3.81,9.0,0.88,2.62,4.22,478.66,111.1,0.86,216.66,10.78,63.92,53.04,0.0,-0.91
2.52,5.51,13.78,9.0,1.01,5.73,4.39,469.08,104.31,0.86,201.71,11.13,65.37,53.87,0.0,-1.12
2.34,2.64,13.87,9.0,0.95,5.73,4.47,496.78,127.75,0.91,237.65,10.67,63.49,52.05,0.0,-0.46
2.56,1.93,3.97,9.0,1.01,6.44,4.64,603.18,190.39,1.02,339.01,10.12,65.15,48.51,0.0,0.69
4.23,5.51,13.87,9.0,1.01,5.73,4.19,448.09,91.74,0.8,180.97,11.15,65.32,53.69,0.0,-1.32
2.56,5.51,13.87,9.0,0.95,5.73,4.22,436.23,82.19,0.79,168.26,11.23,65.5,53.91,0.0,-1.41
4.23,5.51,6.38,9.0,0.93,7.8,4.33,494.6,129.98,0.9,227.69,11.07,65.27,53.78,0.0,-1.01
4.23,5.51,14.52,9.0,1.01,4.79,4.22,468.73,106.49,0.83,199.54,11.09,65.86,52.97,0.0,-1.11
1.67,5.73,7.36,9.0,1.01,7.5,4.4,463.47,102.22,0.85,197.17,11.14,65.13,53.69,0.0,-1.11
4.23,1.86,4.07,9.0,1.01,7.16,5.01,640.02,231.1,1.03,374.71,10.05,65.97,47.81,0.0,1.28
4.11,5.31,13.66,9.0,1.11,6.42,4.25,487.63,117.47,0.89,222.47,11.05,64.85,53.68,0.0,-1.1
4.23,5.51,13.87,9.0,1.01,5.73,4.19,448.09,91.74,0.8,180.97,11.15,65.32,53.69,0.0,-1.32
4.23,3.85,13.87,9.0,1.01,6.73,4.42,495.59,126.5,0.87,227.56,10.97,65.75,52.73,0.0,-0.77
4.23,5.51,8.68,9.0,1.01,5.73,4.06,464.38,100.43,0.84,197.24,11.1,65.37,53.33,0.0,-1.31
2.34,5.51,6.0,9.0,0.95,5.73,4.23,457.7,95.81,0.82,191.21,11.07,65.17,53.23,0.0,-1.17
3.17,5.51,6.5,9.0,0.55,5.78,4.08,427.41,84.0,0.77,158.51,11.3,65.74,53.86,76.0,4.0
4.55,5.51,5.43,9.0,0.95,5.73,4.05,442.16,85.73,0.79,176.15,11.07,65.11,53.2,0.0,-1.35
2.34,1.86,13.87,9.0,0.95,7.44,4.71,497.02,124.17,0.9,238.62,10.41,63.32,51.38,0.0,-0.05
3.75,4.93,14.7,9.0,1.64,5.39,4.29,489.59,99.98,0.88,228.9,10.68,63.68,52.1,0.0,-0.73
2.34,2.65,8.22,9.0,0.52,5.73,4.3,421.9,80.95,0.77,161.12,10.91,63.81,53.13,77.0,4.0
4.95,5.25,13.87,9.0,1.45,5.26,4.42,511.85,119.42,0.92,246.81,10.78,64.77,52.47,0.0,-0.65
5.0,2.73,9.23,9.0,1.7,5.73,5.02,734.53,271.58,1.2,466.4,10.05,66.53,48.04,0.0,1.42
2.34,5.51,13.87,9.0,0.95,6.63,4.38,493.42,124.09,0.88,223.32,11.18,66.18,53.0,0.0,-0.98
2.34,2.44,13.87,9.0,1.37,5.73,4.71,601.63,177.74,1.05,337.96,10.4,64.75,50.05,0.0,0.34
2.34,4.13,12.11,9.0,1.43,6.83,4.52,526.49,129.67,0.96,265.0,10.73,63.98,52.37,0.0,-0.49
2.34,2.26,13.87,9.0,0.95,5.73,4.74,544.56,160.94,0.99,284.22,10.54,63.77,51.79,0.0,-0.0
2.34,4.76,13.87,9.0,0.95,2.36,4.33,457.05,93.97,0.83,192.57,10.89,64.66,53.45,0.0,-1.01
2.34,5.51,12.84,9.0,0.95,5.98,4.15,468.47,105.26,0.83,198.88,11.2,65.98,53.3,0.0,-1.28
2.34,3.32,13.87,9.0,1.56,5.73,4.73,613.48,176.53,1.06,346.56,10.47,65.56,50.41,0.0,0.26
2.34,5.51,13.87,9.0,0.95,6.01,4.25,460.22,99.63,0.83,191.93,11.19,65.57,53.47,0.0,-1.24
4.05,5.34,4.39,9.0,1.35,5.73,4.24,491.34,105.18,0.87,227.3,10.71,64.51,52.42,0.0,-0.8
2.34,5.24,9.12,9.0,1.85,5.73,4.37,592.85,153.54,1.02,327.68,10.4,65.22,50.16,0.0,-0.04
2.34,4.01,5.56,9.0,0.91,5.73,4.21,464.43,100.37,0.84,199.18,10.93,64.94,52.98,0.0,-1.05
2.34,5.51,13.87,9.0,1.56,5.2,4.72,495.19,103.05,0.88,229.23,10.77,65.08,51.74,0.0,-0.39
2.34,5.51,13.87,9.0,1.73,3.45,4.22,509.8,105.38,0.89,246.3,10.54,64.43,51.01,0.0,-0.54
2.53,5.51,13.87,9.0,0.95,5.73,4.71,461.35,99.91,0.83,191.11,11.15,66.2,53.2,0.0,-0.82
2.34,5.02,4.76,9.0,0.95,5.73,4.25,459.06,95.13,0.83,193.44,11.0,65.0,53.4,0.0,-1.13
1.65,5.51,13.87,9.0,0.95,2.78,4.46,497.65,125.73,0.89,229.05,10.99,65.72,52.68,0.0,-0.75
2.37,4.58,13.87,9.0,0.95,5.62,4.42,471.18,109.34,0.88,205.78,11.12,64.91,54.37,0.0,-1.13
2.34,5.51,13.87,9.0,0.95,7.94,4.09,457.5,98.46,0.82,189.04,11.23,65.7,53.31,0.0,-1.37
2.34,2.87,6.47,9.0,1.84,5.73,4.33,503.55,96.03,0.89,247.8,10.17,62.32,50.21,0.0,-0.17
2.34,3.83,7.16,9.0,1.14,5.73,4.37,508.5,125.58,0.91,245.65,10.77,64.33,52.13,0.0,-0.62
2.34,5.61,4.27,9.0,0.95,5.73,4.77,485.93,116.9,0.88,219.69,11.0,65.04,53.54,0.0,-0.66
2.11,3.13,13.87,9.0,0.95,5.73,4.58,512.86,138.41,0.93,248.78,10.84,64.61,52.39,0.0,-0.48
4.49,2.58,7.66,9.0,0.95,5.73,4.51,529.43,155.11,0.94,267.08,10.58,64.3,51.45,0.0,-0.19
2.34,5.51,13.87,9.0,1.04,5.73,4.13,457.5,95.81,0.83,190.35,11.15,65.32,53.53,0.0,-1.33
1.63,3.3,13.87,9.0,1.12,7.84,4.35,525.38,140.27,0.93,260.16,10.86,64.96,52.3,0.0,-0.65
4.13,4.04,13.87,9.0,0.95,6.75,4.32,500.43,130.6,0.88,232.13,11.02,65.81,52.72,0.0,-0.86
2.11,3.13,13.87,9.0,0.7,3.15,4.59,515.16,150.26,0.93,250.26,10.77,64.75,52.3,56.0,4.0
2.11,3.13,12.79,9.0,0.95,4.92,4.33,498.0,125.1,0.89,233.6,10.82,64.69,52.3,0.0,-0.7
4.41,3.39,4.78,9.0,0.95,7.07,4.6,500.06,128.44,0.89,235.78,10.75,64.68,52.19,0.0,-0.42
2.11,4.94,11.01,9.0,0.95,5.73,4.45,489.4,122.82,0.9,221.87,11.11,65.4,53.85,0.0,-0.98
1.37,4.95,7.1,9.0,1.38,6.43,4.96,475.28,103.36,0.86,211.81,10.79,64.42,52.41,0.0,-0.3
2.11,3.13,13.87,9.0,0.95,5.73,4.58,512.86,138.41,0.93,248.78,10.84,64.61,52.39,0.0,-0.48
2.34,4.32,8.3,9.0,0.95,5.73,4.18,450.03,90.69,0.81,184.61,11.03,64.94,53.36,0.0,-1.22
2.34,5.51,10.2,9.0,1.87,4.9,4.16,488.12,92.58,0.88,228.39,10.51,63.34,51.47,0.0,-0.68
3.48,5.51,6.36,9.0,0.95,3.98,4.25,472.24,105.57,0.85,205.62,11.0,65.22,53.56,0.0,-1.11
3.72,5.51,13.87,9.0,0.95,2.44,4.34,496.44,124.55,0.88,229.41,10.93,65.25,52.69,0.0,-0.81
4.12,3.22,10.08,9.0,1.79,5.73,4.61,569.11,137.87,0.98,310.12,10.25,63.38,50.11,0.0,0.18
3.1,5.51,13.87,9.0,0.95,5.73,4.2,453.26,96.33,0.83,185.9,11.2,65.38,54.21,0.0,-1.39
2.22,5.51,3.81,9.0,1.97,5.89,4.1,476.24,85.43,0.84,218.45,10.32,62.75,50.37,0.0,-0.5
3.87,5.51,10.42,9.0,0.65,5.73,4.07,442.1,98.63,0.81,174.89,11.27,65.24,54.36,26.0,4.0
2.34,4.05,13.87,9.0,0.6,4.87,4.22,436.61,91.62,0.78,169.67,11.17,65.23,53.12,74.0,4.0
3.73,5.51,13.87,9.0,0.95,5.73,4.32,507.54,138.9,0.92,239.88,11.1,65.42,53.55,0.0,-0.98
2.34,5.51,9.06,9.0,0.95,6.93,4.37,499.58,131.35,0.9,232.38,11.14,65.35,53.44,0.0,-0.98
2.34,2.18,13.87,9.0,0.95,5.73,4.82,554.94,168.6,1.01,293.66,10.49,63.99,51.38,0.0,0.17
2.02,5.51,13.87,9.0,1.72,6.92,4.26,507.31,117.79,0.9,245.87,10.71,63.89,52.03,0.0,-0.69
3.71,2.96,13.66,9.0,0.95,5.77,4.6,527.31,154.59,0.92,262.96,10.82,64.72,52.22,0.0,-0.36
2.34,5.51,13.87,9.0,0.73,3.8,4.38,459.37,106.01,0.84,191.35,11.24,65.39,54.05,18.0,4.0
2.34,4.62,13.87,9.0,0.95,5.73,4.24,477.16,111.0,0.86,208.51,11.08,65.73,53.06,0.0,-1.08
3.0,3.71,13.87,9.0,0.85,5.73,4.44,470.45,112.92,0.86,204.82,11.04,64.92,53.52,0.0,-0.95
2.34,5.51,13.87,9.0,0.69,5.73,4.03,439.06,88.96,0.79,169.03,11.31,66.08,53.58,37.0,4.0
4.15,4.21,5.47,9.0,1.9,5.73,4.46,542.29,118.93,0.97,285.47,10.25,62.58,50.8,0.0,-0.09
2.39,3.71,8.52,9.0,0.95,5.73,4.16,475.14,106.16,0.84,207.17,10.96,65.64,52.17,0.0,-0.98
4.63,3.24,13.87,9.0,1.74,5.73,4.53,580.37,151.76,0.97,315.81,10.33,65.0,49.56,0.0,0.19
2.34,5.51,12.44,9.0,0.95,2.92,4.4,463.5,100.78,0.84,197.13,11.01,65.15,53.1,0.0,-0.96
2.34,2.69,13.87,9.0,0.95,6.25,4.63,532.16,151.78,0.97,268.51,10.74,64.54,52.27,0.0,-0.31
3.17,3.19,13.87,9.0,0.75,3.2,4.31,457.06,101.27,0.82,192.41,10.83,64.6,52.39,3.0,4.0
4.25,4.97,13.05,9.0,0.95,2.92,4.41,531.8,153.67,0.97,265.64,10.89,65.08,52.72,0.0,-0.62
2.34,2.26,14.8,9.0,1.87,5.5,4.79,642.22,177.29,1.05,379.0,10.02,65.26,47.64,0.0,0.92
2.34,5.51,5.98,9.0,0.95,5.84,4.75,460.17,97.18,0.83,192.67,11.06,65.4,53.25,0.0,-0.76
1.83,5.51,14.62,9.0,0.95,6.4,4.31,489.78,125.71,0.9,223.55,11.17,65.12,54.2,0.0,-1.16
4.84,4.65,12.44,9.0,0.95,3.3,4.43,515.42,140.77,0.91,247.18,10.89,65.74,52.7,0.0,-0.65
2.34,3.44,12.44,9.0,1.11,2.92,4.29,461.98,91.51,0.83,200.38,10.65,63.97,51.84,0.0,-0.71
4.84,5.77,14.3,9.0,1.42,3.14,4.72,676.65,236.07,1.12,405.05,10.52,67.43,49.69,0.0,0.56
3.4,3.34,12.44,9.0,0.95,2.92,4.9,570.82,179.68,0.98,303.16,10.57,65.95,50.58,0.0,0.33
2.34,5.51,10.96,9.0,1.21,7.13,4.28,530.58,138.56,0.93,261.12,11.0,66.05,52.33,0.0,-0.8
2.34,5.51,13.87,9.0,0.95,4.54,4.42,495.41,124.27,0.89,226.63,11.13,65.7,53.28,0.0,-0.95
2.34,5.51,11.08,9.0,0.95,5.73,4.27,457.79,97.41,0.83,189.75,11.17,65.52,53.85,0.0,-1.27
3.02,5.51,5.39,9.0,1.56,6.22,5.27,682.3,239.08,1.2,415.63,10.4,65.75,49.99,0.0,1.03
1.83,5.51,13.87,9.0,1.81,7.24,4.39,535.89,139.18,0.95,272.58,10.61,64.35,51.44,0.0,-0.37
2.29,4.66,14.62,9.0,0.77,6.4,4.35,451.28,99.0,0.81,183.47,11.21,65.52,53.22,14.0,4.0
4.53,5.51,13.87,9.0,0.9,8.0,4.69,532.96,160.6,0.94,260.59,11.1,67.13,52.82,0.0,-0.51
2.34,5.51,14.5,9.0,0.95,6.4,4.08,454.16,94.44,0.81,185.09,11.21,65.92,53.52,0.0,-1.41
2.34,2.01,14.5,9.0,1.62,3.76,4.93,665.4,199.75,1.07,401.22,9.94,65.3,47.21,0.0,1.22
4.05,5.51,14.46,9.0,0.86,5.79,4.27,512.7,146.38,0.92,241.72,11.14,66.42,53.47,0.0,-1.0
2.34,5.51,7.22,9.0,0.82,2.24,4.48,483.49,118.53,0.89,219.8,10.9,64.38,53.34,1.0,4.0
2.34,5.51,14.23,9.0,0.95,6.36,4.19,455.91,95.57,0.81,186.05,11.21,66.06,53.43,0.0,-1.31
2.34,5.51,13.87,9.0,0.95,3.81,4.18,482.96,115.06,0.86,215.29,11.09,65.52,52.94,0.0,-1.1
3.63,5.51,14.5,9.0,1.14,5.73,4.65,472.45,105.31,0.86,205.59,11.04,65.26,53.57,0.0,-0.82
2.34,5.51,14.5,9.0,0.95,3.66,4.84,473.8,109.23,0.86,205.65,11.1,65.52,53.41,0.0,-0.68
1.67,4.39,13.87,9.0,0.95,6.14,4.25,461.73,100.16,0.84,195.35,11.1,65.15,53.13,0.0,-1.14
4.28,2.02,7.69,9.0,1.78,5.73,4.83,670.75,211.34,1.06,408.54,9.82,65.08,47.14,0.0,1.28
3.63,5.51,13.13,9.0,0.57,5.73,4.13,440.67,99.45,0.8,171.6,11.35,65.78,54.05,70.0,4.0
3.38,5.51,8.96,9.0,1.14,5.73,4.23,492.73,115.47,0.87,223.83,10.97,65.85,52.39,0.0,-0.92
3.63,5.51,14.5,9.0,1.97,5.73,4.31,490.37,94.15,0.87,230.26,10.49,63.49,51.59,0.0,-0.56
2.53,3.95,14.5,9.0,1.69,2.33,4.78,519.3,108.76,0.93,262.45,10.21,62.71,50.6,0.0,0.16
3.63,5.51,14.5,9.0,1.17,6.37,4.26,501.92,123.52,0.89,233.7,11.07,65.62,53.3,0.0,-1.04
2.83,5.51,14.5,9.0,0.68,5.73,4.21,469.85,118.13,0.84,201.1,11.26,65.69,53.68,44.0,4.0
3.11,5.26,6.76,9.0,1.14,4.0,4.29,489.71,113.07,0.87,224.13,10.88,64.95,52.8,0.0,-0.88
3.63,5.51,14.5,9.0,1.17,6.37,4.26,501.92,123.52,0.89,233.7,11.07,65.62,53.3,0.0,-1.04
3.63,4.77,9.11,9.0,0.71,5.03,4.27,478.32,122.12,0.84,208.72,11.13,66.03,52.98,17.0,4.0
2.34,4.3,13.87,9.0,0.95,5.73,4.38,498.2,127.03,0.89,229.25,11.05,65.86,52.68,0.0,-0.84
3.13,4.27,5.24,9.0,1.21,5.73,4.6,508.15,121.54,0.89,241.65,10.71,65.22,51.75,0.0,-0.37
2.34,5.51,14.5,9.0,1.12,3.2,4.46,535.83,145.96,0.97,268.64,10.9,65.36,52.84,0.0,-0.63
3.63,3.03,14.46,9.0,0.98,5.97,4.79,576.81,192.23,1.03,310.68,10.7,65.52,51.52,0.0,0.1
3.63,5.51,4.57,9.0,1.17,6.37,4.75,662.83,250.14,1.15,393.36,10.67,66.77,50.25,0.0,0.48
3.63,3.79,5.07,9.0,1.17,6.37,4.04,458.0,90.48,0.82,196.33,10.73,64.06,52.25,0.0,-1.01
4.78,3.5,13.87,9.0,1.48,5.73,4.71,609.96,186.46,1.03,341.83,10.53,65.86,50.8,0.0,0.2
2.34,5.51,13.87,9.0,1.63,5.73,4.29,501.59,102.32,0.9,238.61,10.75,64.19,52.37,0.0,-0.79
2.34,5.51,13.87,9.0,0.95,3.24,4.32,487.0,119.24,0.88,221.16,11.06,65.02,53.75,0.0,-1.06
3.92,5.51,13.87,9.0,1.2,5.68,4.73,602.2,196.91,1.09,332.74,10.85,65.9,52.72,0.0,-0.16
2.34,5.51,13.62,9.0,0.95,7.09,4.7,461.03,102.28,0.86,194.18,11.2,65.26,54.24,0.0,-0.98
1.37,3.29,8.44,9.0,1.67,3.83,4.29,480.52,89.0,0.87,225.03,10.3,62.34,50.66,0.0,-0.36
4.98,3.4,13.87,9.0,0.95,5.44,4.51,524.72,154.44,0.95,259.18,10.83,65.01,52.45,0.0,-0.47
4.78,5.51,13.87,9.0,1.42,5.73,4.49,532.09,135.5,0.95,266.44,10.84,64.98,52.91,0.0,-0.62
3.7,5.51,13.87,9.0,1.76,7.04,4.58,591.61,160.28,1.04,326.42,10.49,65.19,50.63,0.0,0.04
2.34,5.51,13.87,9.0,0.92,5.91,4.4,473.06,111.59,0.86,205.25,11.16,65.52,53.35,1.0,4.0
1.68,3.12,9.94,9.0,0.95,5.73,4.44,450.61,91.44,0.83,189.6,10.87,63.85,53.17,0.0,-0.89
2.34,5.51,13.87,9.0,1.81,5.73,4.34,494.59,99.49,0.9,235.83,10.62,63.13,52.14,0.0,-0.66
3.19,4.07,7.51,9.0,0.95,5.73,4.3,533.82,151.57,0.94,263.78,10.92,66.47,52.14,0.0,-0.66
2.34,1.85,10.84,9.0,1.03,7.33,5.02,637.98,221.26,1.07,372.48,10.26,65.62,48.88,0.0,0.99
2.34,5.17,12.71,9.0,1.24,5.73,4.35,534.38,138.59,0.95,264.8,10.98,66.0,52.94,0.0,-0.81
2.49,2.37,5.83,9.0,1.48,5.73,4.7,577.57,154.15,1.01,320.31,10.07,63.21,48.82,0.0,0.58
2.49,2.37,5.83,9.0,1.23,4.61,4.45,529.11,130.13,0.95,272.13,10.23,62.95,50.2,0.0,0.03
2.49,4.93,9.63,9.0,1.48,5.73,4.24,487.69,102.48,0.89,227.94,10.79,63.43,52.87,0.0,-0.92
3.19,3.0,14.3,9.0,1.48,4.94,4.82,617.98,189.83,1.06,349.29,10.42,66.46,49.59,0.0,0.52
2.49,4.9,4.11,9.0,0.62,5.73,4.09,433.32,84.41,0.78,167.33,11.15,64.98,53.59,45.0,4.0
2.49,4.27,14.98,9.0,1.05,5.73,5.32,483.55,114.38,0.9,218.76,11.0,64.77,53.82,0.0,-0.27
2.34,5.51,5.83,9.0,0.95,5.73,4.16,498.9,126.9,0.89,230.56,11.01,65.64,52.63,0.0,-0.98
2.49,3.45,5.83,9.0,1.48,5.53,4.34,540.61,128.13,0.95,277.95,10.43,64.3,50.56,0.0,-0.23
2.36,2.37,9.54,9.0,1.4,5.73,5.01,599.87,170.04,1.01,334.66,10.26,65.35,48.84,0.0,0.77
2.34,5.51,4.8,9.0,0.95,3.9,4.18,471.38,106.62,0.86,208.52,10.94,64.24,53.22,0.0,-1.08
2.34,5.04,4.75,9.0,0.95,2.57,4.27,486.26,114.36,0.88,224.05,10.75,64.02,52.56,0.0,-0.78
2.34,1.54,12.83,9.0,1.81,5.73,5.01,726.97,233.8,1.11,460.4,9.62,66.31,45.24,0.0,1.86
4.83,5.51,10.43,9.0,0.95,5.73,4.49,556.95,176.84,1.0,286.21,10.98,66.59,52.51,0.0,-0.49
2.34,3.66,8.83,9.0,0.95,3.48,4.42,534.07,151.22,0.97,269.43,10.74,64.81,52.15,0.0,-0.46
2.34,5.51,13.87,9.0,0.93,5.73,4.05,444.5,89.07,0.8,177.09,11.19,65.36,53.6,0.0,-1.45
1.31,4.38,13.87,9.0,0.95,5.73,4.35,485.34,120.33,0.89,219.58,11.08,64.97,53.27,0.0,-0.98
2.34,5.51,13.87,9.0,0.94,5.73,4.17,479.88,114.78,0.88,211.88,11.19,65.52,53.88,0.0,-1.29
1.54,3.07,9.97,9.0,0.95,4.51,4.26,467.48,103.2,0.86,207.11,10.78,63.67,52.77,0.0,-0.88
1.31,5.6,13.39,9.0,1.8,5.73,4.31,507.54,126.15,0.89,242.72,10.63,64.73,51.03,0.0,-0.44
2.16,4.38,11.71,9.0,1.12,5.73,4.35,461.3,93.3,0.82,194.05,11.02,65.35,52.86,0.0,-1.01
2.12,4.38,13.87,9.0,0.95,6.09,4.31,476.76,111.88,0.86,209.5,11.07,65.39,52.71,0.0,-0.98
1.31,4.38,10.38,9.0,0.95,4.34,4.45,505.92,131.1,0.9,237.05,11.01,65.84,52.71,0.0,-0.75
1.31,5.78,7.11,9.0,0.95,5.73,4.58,463.82,105.64,0.81,193.92,11.12,66.34,52.62,0.0,-0.81
1.31,4.38,4.24,9.0,0.95,3.07,4.3,464.93,97.83,0.83,203.02,10.71,63.93,51.82,0.0,-0.71
2.74,3.37,4.2,9.0,0.95,2.56,4.67,512.37,128.1,0.91,251.61,10.38,63.76,50.93,0.0,0.01
2.34,3.83,13.87,9.0,1.75,5.73,4.53,513.66,109.11,0.93,255.26,10.47,63.19,51.41,0.0,-0.29
2.34,2.01,11.86,9.0,1.11,6.1,5.11,554.19,155.77,0.97,291.36,10.39,64.43,50.24,0.0,0.54
2.34,5.51,8.59,9.0,0.85,3.86,4.68,463.03,104.39,0.85,197.44,11.11,64.94,53.97,1.0,4.0
2.11,4.89,10.42,9.0,0.95,5.73,4.36,494.97,128.09,0.89,230.07,11.05,64.75,52.94,0.0,-0.89
4.74,5.51,13.87,9.0,0.95,5.73,4.18,450.61,95.77,0.81,183.38,11.16,65.35,53.74,0.0,-1.32
2.34,5.51,13.87,9.0,1.45,2.27,4.61,537.7,133.61,0.96,277.52,10.5,63.54,51.67,0.0,-0.18
2.34,2.83,8.27,9.0,0.95,5.73,4.29,466.32,103.65,0.85,206.51,10.74,63.64,52.77,0.0,-0.83
2.34,5.51,13.87,9.0,0.95,5.73,4.06,444.29,89.19,0.81,177.57,11.22,65.23,54.29,0.0,-1.55
3.25,5.51,13.87,9.0,1.89,5.73,4.34,526.94,114.03,0.95,267.07,10.48,63.37,51.43,0.0,-0.43
1.47,5.51,13.87,9.0,1.72,5.73,4.29,487.9,111.67,0.88,225.45,10.71,64.1,51.81,0.0,-0.66
3.29,5.51,4.24,9.0,1.82,7.79,4.28,491.97,94.86,0.9,234.88,10.43,62.64,51.49,0.0,-0.53
3.05,5.51,9.99,9.0,0.88,5.73,4.32,474.39,115.16,0.87,207.1,11.15,65.27,53.7,0.0,-1.12
3.86,5.51,14.24,9.0,1.93,2.88,4.8,566.26,128.29,0.97,302.94,10.24,64.47,49.92,0.0,0.32
2.34,5.51,11.32,9.0,0.85,2.16,4.48,486.65,118.31,0.88,221.67,10.94,64.68,53.59,0.0,-0.84
2.34,5.43,13.87,9.0,0.85,3.85,4.24,493.89,128.7,0.89,225.78,11.13,65.51,53.42,0.0,-1.08
4.91,5.51,13.36,9.0,0.91,4.76,4.27,474.72,113.82,0.84,205.88,11.12,65.77,53.05,0.0,-1.07
1.9,5.51,13.36,9.0,0.91,4.76,4.29,465.07,103.37,0.84,197.3,11.17,65.44,53.68,0.0,-1.21
1.39,1.56,13.36,9.0,0.91,4.76,4.82,603.18,194.13,1.03,339.93,10.04,64.95,48.54,2.0,4.0
2.38,5.51,13.36,9.0,1.09,4.76,4.94,517.75,135.14,0.92,249.02,11.0,65.83,52.56,0.0,-0.33
4.91,2.87,13.36,9.0,1.8,2.43,5.16,804.8,308.8,1.24,533.81,9.74,67.25,46.47,0.0,2.07
4.91,5.51,13.36,9.0,0.91,7.79,4.39,520.07,152.03,0.93,250.57,11.12,66.07,53.4,0.0,-0.86
4.91,5.51,13.36,9.0,0.91,6.47,4.28,484.32,125.53,0.87,217.22,11.15,65.29,53.85,0.0,-1.13
4.91,3.64,12.81,9.0,0.91,6.05,4.37,496.49,133.89,0.9,230.97,10.94,64.96,52.99,0.0,-0.79
4.91,5.51,13.36,9.0,1.71,5.74,4.62,573.73,155.07,1.01,310.83,10.54,64.35,51.26,0.0,-0.06
2.24,2.93,11.87,9.0,0.91,4.76,4.92,506.92,135.21,0.92,244.75,10.72,64.2,52.47,0.0,-0.16
4.91,5.51,12.55,9.0,0.91,4.76,4.57,492.5,130.14,0.9,226.05,11.1,65.14,54.01,0.0,-0.87
4.91,5.51,13.36,9.0,0.91,4.76,4.27,474.72,113.82,0.84,205.88,11.12,65.77,53.05,0.0,-1.07
4.91,5.51,13.36,9.0,0.99,6.0,4.3,506.54,134.92,0.91,237.49,11.1,65.91,53.31,0.0,-0.98
4.91,5.51,13.36,9.0,0.91,4.76,4.27,474.72,113.82,0.84,205.88,11.12,65.77,53.05,0.0,-1.07
4.91,2.22,12.07,9.0,1.05,5.13,5.28,785.16,356.92,1.28,510.56,10.19,68.28,47.68,0.0,1.93
4.91,3.24,13.36,9.0,0.91,3.4,4.72,524.2,155.93,0.96,261.81,10.66,64.2,52.6,0.0,-0.21
4.91,3.96,13.36,9.0,0.91,2.48,4.76,540.66,165.0,0.99,277.39,10.68,64.45,52.17,0.0,-0.1
2.64,5.51,13.87,9.0,0.95,2.45,4.47,552.2,166.88,1.0,283.27,10.86,65.79,52.5,0.0,-0.47
2.34,5.51,14.98,9.0,0.99,3.19,4.33,503.56,129.25,0.9,237.26,11.03,65.11,53.32,0.0,-0.94
1.45,4.93,4.62,9.0,0.95,5.78,4.23,445.71,87.71,0.81,182.17,11.02,64.37,53.63,0.0,-1.22
2.9,5.51,13.87,9.0,1.69,5.73,4.45,597.54,166.77,1.05,330.31,10.59,65.78,50.66,0.0,-0.1
2.34,2.62,7.17,9.0,1.79,5.73,4.46,508.17,101.08,0.9,254.06,10.11,62.0,49.98,0.0,0.02
2.34,2.2,13.87,9.0,0.95,5.73,4.75,595.81,196.15,1.03,330.27,10.49,65.56,50.01,0.0,0.39
1.39,5.51,13.87,9.0,1.04,5.73,4.4,505.45,135.89,0.91,236.09,11.11,65.91,53.18,0.0,-0.89
2.96,3.64,6.64,9.0,1.32,7.98,4.25,469.42,94.69,0.85,208.29,10.74,63.94,52.42,0.0,-0.86
2.34,5.51,13.87,9.0,1.32,6.95,4.52,540.03,141.27,0.95,270.24,10.94,66.15,52.22,0.0,-0.55
4.41,4.89,13.87,9.0,1.12,3.44,4.21,473.55,102.66,0.83,206.57,10.9,65.33,52.55,0.0,-0.97
1.39,5.3,13.87,9.0,1.1,6.53,4.79,507.71,135.46,0.91,238.89,11.09,65.77,53.15,0.0,-0.57
2.34,5.51,10.95,9.0,1.04,5.73,4.14,474.75,106.1,0.86,206.36,11.13,65.64,53.57,0.0,-1.27
2.16,2.44,4.35,9.0,0.82,8.0,4.3,484.51,115.71,0.88,224.35,10.6,63.7,51.68,1.0,4.0
1.44,5.51,10.63,9.0,0.95,6.42,4.26,483.14,117.05,0.87,214.0,11.17,65.84,53.36,0.0,-1.13
2.34,5.51,13.87,9.0,0.95,2.94,4.22,466.31,102.79,0.85,200.62,11.04,64.9,53.52,0.0,-1.16
2.34,3.78,7.56,9.0,1.9,3.29,4.69,645.92,176.21,1.06,383.08,10.03,64.7,48.4,0.0,0.74
3.32,5.51,13.87,9.0,0.95,5.73,4.3,473.72,113.93,0.86,207.67,11.15,64.99,53.96,0.0,-1.17
1.43,5.51,13.87,9.0,0.95,2.38,4.39,509.74,137.03,0.93,243.82,10.97,64.92,53.43,0.0,-0.83
2.34,5.51,9.22,9.0,1.61,5.73,4.54,557.49,138.79,0.98,293.06,10.64,64.68,51.21,0.0,-0.24
3.18,5.51,10.1,9.0,0.95,5.44,4.51,464.99,104.7,0.85,198.67,11.11,65.12,53.66,0.0,-0.99
1.88,4.61,12.6,9.0,1.78,4.41,4.74,497.14,102.32,0.9,236.28,10.5,63.67,51.33,0.0,-0.17
2.34,5.51,13.87,9.0,0.52,3.44,4.12,425.41,82.53,0.78,157.36,11.35,65.48,54.32,84.0,4.0
2.34,5.51,13.87,9.0,0.91,5.73,4.4,458.2,100.55,0.84,190.65,11.22,65.35,54.15,0.0,-1.22
2.53,3.41,13.87,9.0,0.95,5.97,4.22,452.59,96.09,0.83,189.92,11.01,64.31,53.79,0.0,-1.2
2.34,4.52,13.87,9.0,0.69,6.06,4.17,446.39,97.81,0.8,178.7,11.24,65.42,53.66,41.0,4.0
2.34,5.51,11.55,9.0,1.78,5.25,4.32,534.73,122.16,0.93,271.09,10.57,64.49,51.21,0.0,-0.44
2.34,3.52,13.87,9.0,1.97,6.43,4.69,634.5,169.3,1.06,369.5,10.24,65.32,49.27,0.0,0.48
2.97,3.29,13.87,9.0,1.62,5.73,4.44,501.5,106.89,0.89,241.87,10.53,63.52,51.38,0.0,-0.4
2.36,3.99,13.87,9.0,1.48,5.73,4.42,488.7,101.95,0.88,226.41,10.74,64.19,52.22,0.0,-0.67
3.08,5.51,7.51,9.0,0.95,5.73,4.4,515.42,138.93,0.91,243.66,11.05,66.55,52.6,0.0,-0.77
2.34,5.51,6.74,9.0,0.95,2.27,4.43,487.35,117.78,0.9,226.35,10.8,63.66,53.38,0.0,-0.77
2.34,2.27,14.37,9.0,0.95,5.73,4.74,557.85,171.08,1.01,296.86,10.51,63.91,51.44,0.0,0.1
2.34,4.34,13.87,9.0,1.51,5.73,4.56,564.82,147.58,0.98,296.82,10.71,65.6,51.58,0.0,-0.28
1.95,5.51,13.87,9.0,0.95,3.96,4.43,526.04,146.66,0.93,255.07,11.06,66.58,52.64,0.0,-0.73
2.34,1.53,13.44,9.0,0.95,3.01,5.02,598.0,190.69,1.02,339.99,9.85,63.18,49.0,0.0,1.1
2.34,5.51,13.87,9.0,0.95,5.73,4.06,444.29,89.19,0.81,177.57,11.22,65.23,54.29,0.0,-1.55
4.76,5.51,14.75,9.0,0.95,5.73,4.14,442.42,88.73,0.8,175.19,11.22,65.33,54.17,0.0,-1.47
2.49,4.59,10.1,9.0,1.98,5.44,4.41,556.87,125.76,1.0,296.22,10.32,63.68,50.59,0.0,-0.12
3.27,2.19,7.9,9.0,1.78,4.98,5.05,761.08,270.59,1.15,490.16,9.82,67.27,45.99,0.0,1.83
3.18,1.57,12.36,9.0,0.95,5.73,5.22,760.25,332.73,1.17,490.98,10.0,67.2,46.53,0.0,2.04
1.56,5.51,10.1,9.0,0.95,5.44,4.78,473.04,106.76,0.86,203.96,11.17,65.82,53.54,0.0,-0.8
2.71,5.51,10.1,9.0,0.95,6.79,4.32,466.82,106.75,0.85,200.57,11.18,65.13,54.35,0.0,-1.25
3.18,3.48,10.1,9.0,0.72,5.44,4.42,513.16,152.15,0.93,246.79,10.94,65.09,52.54,21.0,4.0
3.18,5.51,10.1,9.0,0.95,3.01,4.15,482.67,112.55,0.85,213.59,10.95,65.8,52.48,0.0,-1.0
3.18,5.51,4.57,9.0,0.95,5.44,4.43,519.66,144.92,0.95,252.5,10.95,65.37,53.46,0.0,-0.76
3.18,3.07,4.04,9.0,0.95,3.96,4.82,527.17,141.07,0.92,262.68,10.49,64.9,50.67,0.0,0.14
3.91,5.51,10.1,9.0,1.97,3.55,4.27,504.59,92.13,0.9,246.77,10.28,62.74,50.81,0.0,-0.37
3.18,5.51,7.11,9.0,0.95,5.44,4.39,521.52,144.15,0.93,251.95,10.99,65.94,52.33,0.0,-0.69
2.34,5.51,13.87,9.0,0.95,6.13,4.18,459.13,99.72,0.83,191.82,11.18,65.36,53.5,0.0,-1.29
2.34,3.12,8.55,9.0,1.07,2.78,4.63,559.39,158.07,0.97,294.18,10.44,65.1,50.16,0.0,0.16
2.34,2.97,13.87,9.0,0.95,5.73,4.79,549.46,166.89,1.0,284.84,10.77,64.79,52.37,0.0,-0.15
2.34,1.53,13.87,9.0,1.75,7.23,5.03,668.1,202.64,1.07,406.22,9.76,64.7,46.68,0.0,1.49
2.91,5.51,13.87,9.0,1.32,5.73,4.57,546.53,148.93,1.01,280.18,10.91,65.21,52.85,0.0,-0.54
2.34,5.57,13.87,9.0,0.95,5.73,4.25,475.0,108.85,0.85,204.61,11.15,66.39,52.97,0.0,-1.12
2.34,5.23,14.81,9.0,0.95,6.85,4.24,445.64,89.0,0.79,176.97,11.22,65.79,53.51,0.0,-1.31
2.34,3.11,6.74,9.0,0.64,5.73,4.16,439.92,91.99,0.81,177.8,10.93,64.12,53.13,39.0,4.0
4.57,3.11,14.94,9.0,1.79,7.55,4.82,683.52,221.9,1.06,411.73,10.28,67.48,48.2,0.0,0.9
2.34,1.5,14.03,9.0,1.58,5.73,5.2,722.01,242.99,1.13,456.67,9.74,65.91,46.42,0.0,1.83
4.48,5.51,13.87,9.0,0.81,5.73,4.22,446.92,98.99,0.82,180.97,11.22,64.97,54.15,0.0,-1.36
2.34,2.9,10.95,9.0,1.04,5.73,5.04,527.8,142.77,0.96,265.33,10.7,64.33,52.24,1.0,4.0
4.93,5.0,13.87,9.0,0.95,4.93,4.34,482.68,119.83,0.86,213.64,11.05,65.83,53.04,0.0,-0.95
2.96,5.4,7.08,9.0,1.04,5.36,4.06,458.57,93.8,0.81,190.94,11.03,65.53,52.94,0.0,-1.25
2.34,5.51,13.62,9.0,0.95,4.74,4.75,468.8,103.5,0.83,198.9,11.11,66.31,52.41,0.0,-0.66
4.86,5.51,13.13,9.0,1.26,6.65,6.24,1228.91,732.15,1.76,940.06,10.09,72.68,46.06,0.0,4.49
1.93,1.5,13.8,9.0,1.17,3.03,5.2,675.58,230.12,1.13,413.61,9.7,64.82,47.02,0.0,1.73
4.79,2.07,11.29,9.0,1.57,5.73,5.02,651.47,214.68,1.05,387.23,10.07,65.23,48.23,0.0,1.15
4.43,3.1,14.03,9.0,0.69,5.73,4.29,451.24,106.53,0.82,187.18,10.97,64.55,53.07,9.0,4.0
2.34,5.72,14.03,9.0,0.55,5.73,4.18,415.51,76.78,0.75,147.63,11.46,65.45,54.55,79.0,4.0
3.07,1.83,14.03,9.0,1.67,5.73,5.3,751.34,272.78,1.17,482.57,9.85,66.84,46.61,0.0,1.94
2.01,3.14,8.18,9.0,1.58,5.73,4.46,520.92,118.35,0.94,263.74,10.39,62.87,51.06,0.0,-0.22
2.34,1.5,7.0,9.0,1.24,6.8,4.94,686.52,238.13,1.1,422.65,9.81,65.55,46.75,0.0,1.53
2.45,3.05,6.83,9.0,1.58,5.73,4.43,567.95,146.96,1.02,308.54,10.29,63.54,50.12,0.0,0.05
1.8,5.51,13.87,9.0,1.76,5.73,4.76,461.53,91.46,0.85,203.13,10.65,63.01,52.57,0.0,-0.44
2.34,5.51,13.87,9.0,0.95,5.73,4.06,444.29,89.19,0.81,177.57,11.22,65.23,54.29,0.0,-1.55
2.34,5.51,10.28,9.0,1.94,2.2,4.89,580.25,145.55,1.01,320.81,10.07,63.29,49.57,0.0,0.61
2.34,5.51,13.87,9.0,0.95,5.73,4.06,444.29,89.19,0.81,177.57,11.22,65.23,54.29,0.0,-1.55
4.57,5.51,13.87,9.0,0.95,7.79,4.22,494.54,127.86,0.88,224.34,11.16,66.17,53.38,0.0,-1.12
1.98,5.51,13.87,9.0,1.14,5.57,4.44,484.88,113.68,0.88,218.06,11.1,65.27,53.47,0.0,-0.98
2.55,5.51,13.87,9.0,0.7,4.3,4.61,452.05,97.68,0.81,181.05,11.25,66.35,53.25,31.0,4.0
4.96,5.51,13.87,9.0,0.95,5.09,4.26,482.2,117.55,0.85,213.04,11.11,66.0,52.94,0.0,-1.04
2.34,5.51,7.4,9.0,1.66,5.73,4.17,487.12,92.72,0.87,224.69,10.65,64.03,52.16,0.0,-0.84
2.34,1.77,3.75,9.0,1.93,4.11,5.0,686.32,193.29,1.08,429.1,9.36,63.48,45.34,0.0,1.83
3.38,5.51,7.6,9.0,0.95,7.3,4.2,468.48,109.26,0.85,202.46,11.13,65.02,53.91,0.0,-1.25
2.34,4.42,13.87,9.0,1.4,5.73,4.3,485.56,103.11,0.88,221.5,10.85,64.59,52.59,0.0,-0.87
1.44,2.15,13.87,9.0,1.47,2.75,5.22,539.35,128.98,0.96,284.74,9.89,62.32,49.24,0.0,0.94
3.59,5.61,13.87,9.0,0.95,4.43,4.91,540.53,164.1,0.97,271.04,11.0,66.06,52.74,0.0,-0.26
2.34,5.51,13.87,9.0,0.95,5.73,4.06,444.29,89.19,0.81,177.57,11.22,65.23,54.29,0.0,-1.55
2.34,2.98,13.87,9.0,0.95,3.57,4.58,595.76,197.92,1.06,329.87,10.59,65.36,51.08,0.0,0.08
2.34,1.92,13.87,9.0,1.4,5.73,4.8,587.58,168.13,1.01,327.17,10.15,64.13,49.22,0.0,0.62
3.04,5.76,13.07,9.0,1.4,2.34,4.36,502.28,109.71,0.89,238.89,10.62,64.35,51.79,0.0,-0.56
2.34,3.38,13.87,9.0,1.19,4.91,4.42,499.82,116.63,0.9,235.46,10.79,64.69,52.27,0.0,-0.65
1.63,4.42,8.25,9.0,1.98,6.54,4.72,471.26,89.96,0.85,215.53,10.39,62.26,50.85,0.0,-0.11
2.55,1.53,4.93,9.0,0.77,6.73,4.78,623.61,219.53,1.03,362.16,9.95,64.78,47.52,2.0,4.0
3.23,4.42,13.87,9.0,0.57,4.23,4.24,437.2,93.82,0.78,168.96,11.23,65.56,53.66,44.0,4.0
2.34,4.42,9.21,9.0,0.91,5.73,4.16,463.06,98.69,0.83,194.82,11.09,65.57,53.08,0.0,-1.2
2.31,4.84,13.87,9.0,1.4,4.03,4.82,498.73,109.44,0.89,233.89,10.77,64.73,52.29,0.0,-0.36
3.4,4.42,5.92,9.0,1.98,6.54,4.42,527.45,110.46,0.95,272.08,10.27,62.22,50.7,0.0,-0.16
4.4,4.11,8.25,9.0,0.61,6.54,4.52,464.29,118.15,0.83,196.61,11.15,65.43,53.27,25.0,4.0
3.92,5.51,13.87,9.0,1.98,4.17,4.34,526.49,109.47,0.91,264.56,10.35,64.12,50.2,0.0,-0.22
2.34,4.67,8.25,9.0,1.28,6.18,4.35,502.52,114.7,0.91,236.66,10.88,64.93,52.78,0.0,-0.82
4.01,3.96,10.87,9.0,1.98,6.54,4.62,638.68,174.76,1.04,372.28,10.28,65.81,48.57,0.0,0.51
2.76,4.42,7.45,9.0,1.18,4.88,4.3,513.39,123.87,0.89,245.22,10.81,65.7,51.77,0.0,-0.66
3.92,5.51,11.12,9.0,0.78,2.44,4.58,461.67,106.41,0.84,195.46,11.03,64.94,53.75,0.0,-0.89
4.34,4.62,13.87,9.0,0.95,5.73,4.38,497.42,131.0,0.89,230.21,11.01,65.48,52.8,0.0,-0.82
3.4,5.15,5.92,9.0,1.98,5.73,4.41,551.04,123.21,0.98,291.08,10.27,63.5,50.22,0.0,-0.06
3.81,2.8,14.78,9.0,1.98,6.54,5.17,759.33,268.42,1.16,489.75,10.06,66.92,47.3,0.0,1.61
2.25,4.35,7.48,9.0,1.98,4.19,4.71,494.82,88.69,0.89,239.03,10.22,62.31,50.41,0.0,0.04
3.21,2.94,5.92,9.0,2.0,6.93,4.66,611.88,162.0,1.02,352.39,9.98,63.62,48.98,0.0,0.62
2.34,5.51,13.87,9.0,0.95,7.19,4.46,463.54,104.88,0.86,196.55,11.21,65.26,54.23,0.0,-1.16
2.34,4.47,13.87,9.0,0.77,5.73,4.32,453.85,98.39,0.81,184.6,11.18,65.86,53.14,6.0,4.0
2.34,5.51,13.87,9.0,0.96,5.73,4.37,460.74,102.2,0.85,194.49,11.18,65.13,54.05,0.0,-1.2
3.96,3.9,13.87,9.0,0.95,5.81,4.45,513.15,142.42,0.92,246.77,10.96,65.06,52.76,0.0,-0.68
1.74,4.87,13.87,9.0,0.96,5.77,4.28,464.71,101.72,0.85,196.94,11.15,65.48,53.36,0.0,-1.17
3.98,5.51,5.07,9.0,0.96,5.73,4.51,445.54,88.75,0.81,181.79,10.99,64.55,53.57,0.0,-0.97
2.34,5.51,13.87,9.0,0.96,5.73,4.37,460.74,102.2,0.85,194.49,11.18,65.13,54.05,0.0,-1.2
1.85,5.51,14.42,9.0,1.18,3.09,4.69,574.91,174.1,1.04,305.99,10.82,65.88,52.36,0.0,-0.23
2.34,4.57,12.08,9.0,1.51,3.37,4.28,499.2,107.83,0.91,240.58,10.58,63.19,52.0,0.0,-0.63
2.34,5.51,13.87,9.0,0.96,5.73,4.37,460.74,102.2,0.85,194.49,11.18,65.13,54.05,0.0,-1.2
3.65,5.74,13.87,9.0,0.76,5.73,4.25,457.5,106.31,0.83,188.65,11.27,65.62,54.11,2.0,4.0
3.01,5.51,10.5,9.0,1.58,3.64,4.27,506.9,108.2,0.9,243.52,10.59,64.37,51.59,0.0,-0.59
2.42,3.77,12.45,9.0,0.87,3.86,4.3,478.09,112.41,0.85,211.31,10.9,65.43,52.24,0.0,-0.82
2.59,3.68,13.87,9.0,0.72,3.93,4.35,445.92,93.43,0.79,178.67,11.02,65.5,52.44,12.0,4.0
3.07,5.74,13.87,9.0,1.99,5.73,4.49,554.27,124.17,0.99,290.85,10.44,64.38,50.73,0.0,-0.16
4.17,5.74,4.53,9.0,0.78,5.56,4.16,482.99,122.69,0.86,214.65,11.05,65.61,53.16,1.0,4.0
3.65,5.74,13.87,9.0,0.76,5.73,4.25,457.5,106.31,0.83,188.65,11.27,65.62,54.11,2.0,4.0
3.65,3.09,13.87,9.0,0.76,5.73,4.45,514.13,151.43,0.91,247.36,10.86,65.34,51.98,2.0,4.0
3.4,5.74,13.87,9.0,1.95,5.73,4.68,635.3,182.94,1.09,369.76,10.37,65.32,49.87,0.0,0.38
3.65,5.74,7.81,9.0,0.77,6.36,4.18,475.81,117.31,0.85,206.42,11.19,65.86,53.45,5.0,4.0
3.4,1.8,12.93,9.0,0.77,7.45,4.68,564.35,185.13,0.93,299.6,10.42,65.33,49.68,1.0,4.0
3.4,5.74,5.61,9.0,1.23,5.73,4.56,498.01,117.11,0.88,232.39,10.86,64.97,52.75,0.0,-0.64
3.07,5.74,11.62,9.0,1.95,5.58,4.44,541.85,122.26,0.97,280.24,10.45,63.93,51.32,0.0,-0.28
2.49,2.13,6.0,9.0,1.95,5.73,4.83,677.11,194.01,1.1,417.24,9.7,64.48,46.37,0.0,1.37
1.53,5.74,13.87,9.0,0.87,5.73,4.69,476.29,116.21,0.86,207.52,11.24,65.69,53.68,2.0,4.0
4.79,5.74,14.22,9.0,0.56,6.72,4.42,514.77,171.31,0.95,246.9,11.27,65.67,54.15,86.0,4.0
3.4,5.74,13.83,9.0,0.58,5.73,4.05,433.74,91.65,0.78,163.76,11.4,65.97,54.2,58.0,4.0
3.58,2.12,7.98,9.0,1.95,5.73,5.41,738.66,252.84,1.14,473.03,9.68,65.95,45.83,0.0,2.14
2.1,5.51,13.87,9.0,0.95,5.73,4.44,496.03,128.22,0.9,227.8,11.16,65.58,53.69,0.0,-0.98
2.66,5.51,13.87,9.0,0.95,2.13,4.29,489.64,116.54,0.88,223.08,10.9,65.18,52.73,0.0,-0.87
3.27,5.51,9.2,9.0,1.87,4.32,4.71,598.72,162.61,1.08,337.08,10.3,63.96,50.5,0.0,0.28
3.12,5.51,13.87,9.0,1.15,3.96,4.09,452.51,87.16,0.81,185.47,11.04,65.27,53.09,0.0,-1.28
2.88,5.51,13.48,9.0,0.95,6.63,4.21,451.04,93.41,0.8,182.1,11.19,65.87,53.39,0.0,-1.29
2.34,5.51,13.87,9.0,1.64,6.77,4.25,494.82,100.75,0.89,232.26,10.72,64.27,51.75,0.0,-0.74
3.07,1.68,10.27,9.0,0.95,5.78,5.5,716.38,300.15,1.14,451.03,10.0,66.18,47.23,0.0,2.04
4.04,3.18,14.63,9.0,1.49,5.73,4.54,576.32,157.98,0.97,309.35,10.51,66.09,49.77,0.0,0.09
2.38,5.51,13.87,9.0,1.87,7.36,4.22,526.09,115.27,0.93,263.09,10.6,64.28,51.38,0.0,-0.58
2.95,5.51,13.87,9.0,1.36,5.73,4.68,482.29,103.98,0.88,217.92,10.91,64.58,53.34,0.0,-0.7
2.34,4.51,10.67,9.0,0.78,4.36,4.22,448.71,95.09,0.82,182.29,11.15,65.08,53.94,9.0,4.0
2.34,4.75,13.87,9.0,0.95,3.7,4.68,462.39,99.88,0.83,195.16,11.04,65.33,53.14,0.0,-0.77
2.37,4.79,14.46,9.0,0.91,5.73,4.39,482.56,117.0,0.87,214.94,11.16,65.44,53.43,0.0,-1.04
4.56,5.51,13.87,9.0,0.95,5.73,4.12,452.1,95.43,0.81,183.73,11.16,65.61,53.51,0.0,-1.34
3.51,3.02,13.87,9.0,0.95,7.1,4.66,554.69,175.7,1.01,289.03,10.79,65.12,52.08,0.0,-0.19
2.34,5.51,13.87,9.0,0.95,3.59,4.31,489.28,118.71,0.87,220.36,11.05,65.78,52.75,0.0,-0.94
2.34,4.44,7.48,9.0,0.57,5.73,4.14,430.76,86.9,0.8,164.66,11.22,65.01,54.49,80.0,4.0
2.34,4.11,13.87,9.0,1.54,3.44,4.72,546.54,135.45,0.98,285.29,10.49,63.9,51.25,0.0,-0.03
4.39,1.52,13.57,9.0,0.55,5.73,4.9,650.38,258.27,1.02,383.38,10.24,66.05,48.77,45.0,4.0
2.34,4.5,13.87,9.0,1.63,5.73,4.23,512.27,109.79,0.91,248.9,10.68,64.47,51.68,0.0,-0.68
1.9,5.51,14.11,9.0,0.97,3.28,4.97,478.84,113.34,0.88,212.68,11.05,65.08,53.42,0.0,-0.53
2.34,4.51,13.71,9.0,0.95,2.39,4.55,533.68,152.3,0.98,269.63,10.8,64.61,53.09,0.0,-0.5
3.89,4.83,13.87,9.0,1.45,5.73,4.59,590.53,168.16,1.03,321.92,10.74,65.83,51.94,0.0,-0.23
2.34,5.51,7.74,9.0,0.95,7.32,4.93,504.67,134.47,0.92,238.02,11.1,65.15,53.85,0.0,-0.56
2.34,4.11,13.87,9.0,0.95,5.73,4.52,505.31,132.98,0.91,237.85,11.02,65.31,52.93,0.0,-0.72
3.11,4.27,13.87,9.0,1.0,3.44,4.53,464.47,101.84,0.83,199.01,10.93,64.95,52.99,0.0,-0.79
2.34,3.32,13.87,9.0,0.95,5.73,4.56,532.99,153.56,0.96,269.16,10.81,64.55,52.39,0.0,-0.41
2.34,4.11,9.81,9.0,1.54,3.65,4.37,479.43,90.26,0.84,215.52,10.55,64.62,50.96,0.0,-0.49
2.34,4.44,6.97,9.0,0.95,4.76,4.2,449.62,88.07,0.81,183.5,11.01,65.09,53.27,0.0,-1.19
3.91,4.11,13.87,9.0,1.19,3.76,4.57,564.87,164.12,0.99,297.16,10.71,65.59,51.81,0.0,-0.23
2.32,5.51,13.87,9.0,1.82,6.36,4.38,541.94,130.98,0.98,279.24,10.54,64.22,51.53,0.0,-0.37
2.34,5.51,9.6,9.0,0.95,3.77,4.22,467.93,102.05,0.82,199.02,11.05,65.96,52.45,0.0,-1.04
1.8,5.51,13.87,9.0,0.95,2.46,4.39,509.95,133.09,0.91,240.96,10.95,65.8,52.62,0.0,-0.74
4.69,4.68,10.95,9.0,0.95,5.73,4.57,500.24,132.31,0.89,232.03,10.98,65.79,52.47,0.0,-0.61
2.34,5.51,7.42,9.0,0.95,5.73,4.21,457.3,96.92,0.84,190.51,11.12,65.15,53.88,0.0,-1.29
2.34,5.51,10.86,9.0,0.95,5.73,4.33,475.14,107.66,0.85,204.65,11.19,66.15,53.31,0.0,-1.13
3.45,4.32,13.87,9.0,0.97,5.73,4.46,512.89,141.49,0.9,244.04,10.96,65.99,52.39,0.0,-0.63
2.34,5.51,5.37,9.0,1.88,5.73,4.16,450.83,71.2,0.81,193.07,10.44,62.78,51.24,0.0,-0.7
3.0,3.45,7.56,9.0,0.8,3.5,4.65,460.7,102.95,0.84,198.22,10.81,64.19,52.87,0.0,-0.61
2.34,5.51,13.87,9.0,0.95,4.83,4.13,459.45,97.8,0.81,190.9,11.17,65.78,52.87,0.0,-1.26
1.54,5.51,13.87,9.0,0.95,5.73,4.32,527.3,151.17,0.93,255.8,11.13,66.62,52.68,0.0,-0.84
2.9,5.76,7.16,9.0,1.88,5.73,4.12,491.8,90.6,0.88,232.12,10.48,63.32,51.37,0.0,-0.69
1.9,5.51,6.68,9.0,1.26,7.38,4.74,462.14,92.99,0.84,198.35,10.94,64.45,53.17,0.0,-0.7
2.34,4.88,5.37,9.0,0.63,6.96,4.11,442.4,92.07,0.79,174.53,11.2,65.49,53.39,53.0,4.0
2.34,5.15,7.5,9.0,1.77,6.66,4.93,526.91,115.25,0.94,264.25,10.51,64.19,51.48,0.0,0.01
2.34,3.5,6.27,9.0,0.95,5.73,4.59,478.06,107.84,0.85,212.9,10.84,64.83,52.37,0.0,-0.59
4.13,1.69,5.37,9.0,1.75,5.73,5.18,773.42,264.25,1.16,512.21,9.53,64.92,46.12,0.0,2.07
1.83,5.78,8.18,9.0,1.88,4.9,4.56,574.47,167.05,1.02,311.97,10.41,64.21,50.78,0.0,0.08
2.34,5.28,13.87,9.0,1.88,5.73,4.55,532.91,119.8,0.97,273.38,10.5,63.26,51.64,0.0,-0.28
2.34,5.51,11.68,9.0,1.1,4.3,4.84,504.83,125.03,0.91,236.86,10.97,65.6,53.0,0.0,-0.48
3.48,3.08,8.45,9.0,0.95,5.82,4.61,570.25,181.05,1.01,301.48,10.69,66.21,51.2,0.0,-0.04
2.34,5.51,9.08,9.0,1.88,5.73,4.79,570.24,141.48,0.99,306.24,10.43,64.8,50.41,0.0,0.19
1.63,5.51,12.96,9.0,0.95,6.83,4.34,485.03,119.56,0.88,216.39,11.18,65.68,53.44,0.0,-1.08
2.34,5.51,9.15,9.0,1.85,5.73,4.35,515.84,109.57,0.92,254.37,10.51,63.85,51.39,0.0,-0.45
4.73,5.29,11.86,9.0,0.95,3.03,4.25,469.42,107.85,0.85,204.55,10.98,64.78,53.69,0.0,-1.1
2.73,1.96,13.87,9.0,1.49,4.41,5.2,760.43,287.29,1.18,489.47,9.96,67.42,46.41,0.0,1.88
2.34,5.51,5.89,9.0,0.95,5.73,4.01,459.34,96.81,0.81,190.96,11.07,65.66,53.1,0.0,-1.32
2.23,5.51,10.23,9.0,0.95,5.73,4.08,453.61,91.69,0.81,183.66,11.19,66.06,53.14,0.0,-1.36
2.81,5.51,6.95,9.0,1.91,5.73,4.17,492.21,88.69,0.86,230.42,10.43,64.02,50.49,0.0,-0.52
2.34,5.51,13.87,9.0,1.09,5.82,4.43,475.27,107.13,0.88,209.52,11.11,64.92,54.03,0.0,-1.09
3.23,1.6,13.87,9.0,1.18,5.73,5.26,740.31,304.79,1.14,472.32,9.88,66.79,46.23,0.0,2.07
1.92,5.51,13.87,9.0,0.95,5.73,4.62,521.88,148.72,0.95,253.54,11.15,65.66,53.36,0.0,-0.71
4.08,5.51,5.73,9.0,0.95,3.07,4.39,501.28,125.81,0.89,233.32,10.84,65.57,52.71,0.0,-0.71
2.34,5.51,6.78,9.0,0.95,4.66,4.19,458.72,95.96,0.82,191.06,11.05,65.46,53.51,0.0,-1.22
2.92,5.51,8.54,9.0,1.82,5.73,4.69,486.03,90.97,0.87,226.52,10.53,63.28,51.74,0.0,-0.32
1.27,5.3,7.26,9.0,0.95,5.73,4.83,496.55,127.57,0.87,226.51,11.06,66.24,52.28,0.0,-0.45
2.34,1.83,13.87,9.0,0.95,4.59,4.84,598.49,193.29,1.02,334.61,10.23,65.18,49.14,0.0,0.72
2.34,5.51,11.7,9.0,0.95,5.73,4.11,458.72,97.18,0.82,189.82,11.17,65.78,52.89,0.0,-1.28
4.46,2.34,13.87,9.0,1.2,2.83,4.83,693.92,258.84,1.07,423.37,10.07,67.4,47.11,0.0,1.32
3.87,4.63,12.13,9.0,0.95,5.73,4.15,455.25,98.19,0.82,189.09,11.12,65.07,53.32,0.0,-1.26
3.8,5.51,4.05,9.0,0.52,5.73,4.05,452.46,101.45,0.78,180.39,11.21,66.71,52.86,57.0,4.0
4.56,5.51,13.87,9.0,0.95,5.73,4.12,452.1,95.43,0.81,183.73,11.16,65.61,53.51,0.0,-1.34
1.4,4.94,8.54,9.0,1.82,6.15,4.11,460.94,87.58,0.82,200.68,10.53,63.63,51.11,0.0,-0.71
2.92,2.27,11.99,9.0,1.35,4.68,4.56,521.41,126.36,0.92,262.7,10.29,63.39,50.31,0.0,0.05
2.41,5.51,8.54,9.0,0.83,5.73,4.39,523.32,153.13,0.95,253.94,11.12,65.96,53.28,8.0,4.0
2.1,5.51,8.92,9.0,1.82,2.91,4.25,510.31,113.62,0.91,253.01,10.31,62.63,50.67,0.0,-0.3
2.92,4.23,6.46,9.0,1.82,5.73,4.18,487.02,90.22,0.88,229.92,10.42,62.57,51.45,0.0,-0.61
2.92,5.51,8.91,9.0,1.77,6.1,4.46,557.44,137.42,1.02,295.43,10.49,64.04,51.47,0.0,-0.25
2.97,3.66,8.54,9.0,1.2,5.73,4.44,540.06,147.86,0.97,274.25,10.72,65.14,52.01,0.0,-0.43
2.92,5.51,9.89,9.0,1.0,6.91,4.27,448.53,90.58,0.81,181.32,11.14,65.35,53.43,0.0,-1.23
2.92,5.75,8.91,9.0,1.77,6.1,4.65,495.07,100.98,0.89,234.66,10.56,63.49,51.57,0.0,-0.31
2.92,5.51,14.47,9.0,1.77,5.72,4.35,509.22,106.97,0.9,245.05,10.63,64.62,51.63,0.0,-0.56
2.17,1.63,7.38,9.0,1.55,5.54,4.75,599.67,164.06,1.02,343.24,9.75,63.17,47.52,0.0,1.02
2.92,3.89,14.79,9.0,1.77,6.1,4.83,520.01,113.43,0.94,260.68,10.46,63.38,51.39,0.0,-0.03
1.29,4.12,3.9,9.0,0.92,6.66,4.18,470.76,105.78,0.85,207.56,10.89,64.37,52.91,0.0,-1.02
2.92,2.43,8.91,9.0,1.77,6.1,4.73,594.71,155.99,1.02,334.7,10.03,63.9,48.6,0.0,0.67
2.92,1.99,12.53,9.0,1.9,6.1,4.98,729.89,243.99,1.1,460.38,9.81,66.92,46.02,0.0,1.67
2.92,5.51,13.29,9.0,1.87,6.1,4.26,523.18,109.03,0.92,258.0,10.56,64.9,51.01,0.0,-0.51
1.57,3.97,14.87,9.0,1.67,5.73,4.68,471.9,87.74,0.85,211.59,10.63,63.62,51.89,0.0,-0.42
2.34,2.19,4.09,9.0,1.95,5.73,4.65,571.61,128.62,0.98,318.08,9.71,61.94,47.95,0.0,0.77
3.95,5.51,14.24,9.0,1.39,4.65,4.34,481.78,102.02,0.88,218.98,10.91,64.24,53.52,0.0,-0.99
2.0,5.51,3.88,9.0,1.67,2.11,4.28,514.98,115.37,0.92,261.22,10.12,61.68,50.45,0.0,-0.13
2.34,5.51,12.84,9.0,0.67,5.73,4.08,431.68,86.74,0.78,163.74,11.33,65.48,53.99,36.0,4.0
1.85,5.51,13.87,9.0,0.95,6.23,4.78,481.76,116.91,0.88,212.87,11.22,65.81,53.42,0.0,-0.77
3.1,4.55,8.17,9.0,0.95,2.93,4.78,504.28,128.76,0.9,237.61,10.82,65.21,52.64,0.0,-0.38
2.34,5.51,13.87,9.0,0.95,5.73,4.06,444.29,89.19,0.81,177.57,11.22,65.23,54.29,0.0,-1.55
1.57,2.22,14.87,9.0,1.67,5.73,4.87,602.13,164.52,1.02,340.27,10.12,64.52,48.45,0.0,0.77
1.57,3.64,14.87,9.0,1.67,3.18,4.55,511.05,108.34,0.91,252.74,10.36,63.15,50.5,0.0,-0.1
1.57,3.97,14.87,9.0,1.8,4.37,4.6,521.73,117.67,0.93,263.26,10.45,63.2,51.29,0.0,-0.17
1.65,4.35,14.99,9.0,1.67,5.73,4.35,488.5,99.22,0.89,228.44,10.65,63.6,52.19,0.0,-0.68
3.19,4.06,10.44,9.0,1.67,5.73,4.62,590.66,161.7,1.03,324.21,10.46,65.35,50.47,0.0,0.12
2.15,2.66,14.87,9.0,1.23,6.24,4.99,600.23,186.44,1.07,334.87,10.54,65.39,50.73,0.0,0.42
1.57,4.24,6.02,9.0,0.88,5.8,4.32,506.78,137.22,0.92,241.52,10.99,64.89,53.26,0.0,-0.88
2.46,3.97,15.0,9.0,1.21,5.33,4.55,529.2,135.86,0.95,260.97,10.84,65.74,52.38,0.0,-0.51
4.57,3.77,12.83,9.0,1.7,2.5,4.53,558.94,131.01,0.96,298.15,10.19,63.88,49.94,0.0,0.15
1.57,3.11,5.45,9.0,0.88,4.42,4.4,481.75,113.85,0.87,221.8,10.68,63.66,52.44,0.0,-0.62
1.91,2.83,7.06,9.0,0.7,5.8,4.26,439.88,87.39,0.8,177.8,10.87,64.18,52.86,29.0,4.0
1.47,4.51,8.01,9.0,0.88,5.8,4.29,486.83,118.02,0.88,218.33,11.06,65.69,53.09,0.0,-1.01
2.73,2.44,6.02,9.0,0.88,5.0,4.42,510.67,136.76,0.91,250.53,10.49,63.67,51.24,0.0,-0.25
3.72,4.09,6.02,9.0,0.77,5.8,4.14,442.97,91.36,0.8,177.0,11.04,65.01,53.59,1.0,4.0
4.61,4.24,12.24,9.0,1.07,7.65,4.56,566.66,177.24,0.98,296.78,10.9,66.22,52.14,0.0,-0.34
3.26,3.34,6.02,9.0,0.88,5.8,4.42,505.2,134.89,0.91,240.87,10.8,64.7,52.6,0.0,-0.62
2.73,2.44,12.87,9.0,0.8,6.07,4.73,552.14,176.38,1.0,287.32,10.65,65.15,51.29,4.0,4.0
3.27,2.44,12.4,9.0,1.81,5.0,5.04,741.08,256.56,1.14,467.29,9.98,67.94,46.53,0.0,1.6
4.28,5.45,14.45,9.0,0.88,5.0,4.23,476.82,118.33,0.86,210.65,11.14,65.14,53.48,0.0,-1.15
2.73,2.59,6.02,9.0,0.88,6.01,4.63,533.41,154.37,0.97,270.55,10.58,64.43,51.26,0.0,-0.08
2.73,2.44,9.14,9.0,0.88,3.58,4.43,478.61,109.47,0.86,218.03,10.49,63.79,51.78,0.0,-0.42
2.73,3.87,6.02,9.0,1.8,5.0,4.37,551.26,127.13,0.99,291.82,10.23,63.36,50.1,0.0,-0.03
2.73,4.54,6.02,9.0,1.19,5.0,4.34,485.69,107.6,0.87,222.92,10.81,64.2,52.55,0.0,-0.79
1.4,4.63,5.32,9.0,0.88,5.52,4.9,484.0,118.13,0.88,218.0,11.0,64.99,53.15,0.0,-0.5
2.3,4.54,6.02,9.0,1.19,4.5,4.29,470.53,92.69,0.83,203.6,10.81,65.22,52.3,0.0,-0.86
2.73,4.54,10.52,9.0,0.57,5.0,4.07,431.59,85.24,0.76,161.57,11.26,66.01,53.46,76.0,4.0
2.73,4.54,6.02,9.0,1.48,5.0,4.41,489.53,101.62,0.89,231.36,10.59,63.0,52.67,0.0,-0.64
2.73,4.54,12.85,9.0,0.57,4.46,4.11,430.62,86.37,0.77,161.8,11.29,65.69,53.39,74.0,4.0
2.15,4.54,7.06,9.0,1.19,5.0,4.34,522.64,130.53,0.92,255.11,10.85,65.48,52.44,0.0,-0.71
2.59,3.52,6.07,9.0,1.45,5.0,4.82,523.3,121.15,0.93,262.01,10.44,63.85,51.11,0.0,0.04
2.73,4.54,10.15,9.0,1.19,5.0,4.13,457.68,90.02,0.83,193.64,10.91,64.52,52.97,0.0,-1.14
4.4,3.23,6.02,9.0,1.19,5.0,4.35,503.99,122.87,0.9,244.19,10.58,63.6,51.48,0.0,-0.45
1.87,3.23,6.02,9.0,1.19,5.0,4.4,506.34,121.66,0.91,247.3,10.58,63.37,51.57,0.0,-0.43
4.4,3.23,6.06,9.0,1.19,4.54,4.54,557.39,159.07,0.98,294.49,10.52,64.34,51.26,0.0,-0.09
2.98,2.66,4.03,9.0,1.19,7.54,4.36,485.85,108.13,0.87,229.08,10.39,62.9,50.78,0.0,-0.3
2.91,3.23,6.02,9.0,1.19,4.72,4.33,496.73,114.74,0.88,236.77,10.56,63.64,51.41,0.0,-0.48
4.78,4.7,6.02,9.0,1.19,5.0,4.49,533.42,146.06,0.98,271.1,10.76,64.07,53.18,0.0,-0.56
4.4,4.7,8.7,9.0,1.19,5.11,4.45,538.63,144.64,0.94,270.57,10.8,65.67,52.1,0.0,-0.49
2.03,3.23,6.02,9.0,1.19,5.0,4.26,457.29,87.98,0.83,200.13,10.57,62.94,51.63,0.0,-0.68
4.4,3.23,6.02,9.0,0.78,7.39,4.32,473.16,118.26,0.86,210.44,10.9,64.25,53.35,2.0,4.0
2.88,5.51,13.87,9.0,0.95,7.3,4.12,447.22,93.2,0.81,180.37,11.23,65.25,54.1,0.0,-1.47
3.0,5.51,13.87,9.0,1.59,5.73,4.35,503.55,109.64,0.91,240.67,10.74,64.28,52.48,0.0,-0.72
2.03,3.23,6.02,9.0,1.19,4.85,4.07,462.71,89.94,0.83,204.33,10.57,63.25,51.25,0.0,-0.77
2.03,4.94,6.02,9.0,1.75,3.71,4.09,492.25,94.56,0.86,231.67,10.39,63.64,50.58,0.0,-0.54
2.34,5.51,6.02,9.0,1.47,5.29,4.41,547.47,135.93,1.0,284.89,10.63,64.13,52.33,0.0,-0.48
2.03,3.23,13.69,9.0,0.95,5.59,4.84,476.41,113.87,0.89,215.48,10.87,63.88,52.98,0.0,-0.47
2.34,5.51,6.36,9.0,0.6,6.49,4.27,422.28,80.02,0.78,156.5,11.32,65.0,54.78,55.0,4.0
2.34,5.51,4.37,9.0,0.81,2.95,4.11,441.21,85.2,0.82,179.26,10.93,63.95,53.94,1.0,4.0
2.85,5.51,13.87,9.0,0.95,5.73,4.35,476.25,113.27,0.86,208.76,11.18,65.38,53.51,0.0,-1.1
2.34,5.51,4.42,9.0,0.95,5.73,4.46,512.56,136.81,0.91,244.19,10.97,65.66,52.92,0.0,-0.72
2.34,3.55,14.54,9.0,0.62,2.09,4.9,464.62,106.95,0.82,198.85,10.73,64.99,51.93,40.0,4.0
4.16,2.71,13.87,9.0,1.91,5.73,5.2,677.65,202.89,1.06,410.26,10.05,66.3,47.52,0.0,1.34
2.34,5.51,5.2,9.0,0.95,5.35,4.24,470.22,103.92,0.85,203.43,11.04,65.22,53.38,0.0,-1.13
3.56,1.46,13.87,9.0,1.6,7.3,5.45,1094.1,506.97,1.26,800.89,9.4,74.72,40.52,0.0,4.03
2.03,2.75,13.87,9.0,0.9,5.73,4.65,483.54,119.71,0.9,221.59,10.79,64.14,53.11,0.0,-0.56
4.61,5.51,13.87,9.0,0.94,5.73,4.49,468.12,110.56,0.85,201.0,11.15,65.3,53.77,0.0,-1.02
4.61,5.51,10.24,9.0,0.94,6.83,4.45,472.66,109.67,0.83,202.7,11.14,66.19,52.84,0.0,-0.94
4.05,2.54,11.1,9.0,1.81,3.73,5.37,741.73,258.85,1.15,473.4,9.84,66.59,46.59,0.0,1.95
4.61,3.04,12.74,9.0,0.94,5.73,4.73,538.85,163.84,0.95,271.35,10.75,65.8,51.61,0.0,-0.11
4.61,5.51,10.71,9.0,0.94,7.08,4.16,463.05,105.28,0.83,195.67,11.16,65.39,53.66,0.0,-1.29
4.47,5.51,13.87,9.0,0.94,5.73,4.49,469.22,107.54,0.83,199.19,11.15,66.14,53.16,0.0,-0.96
4.61,5.51,13.87,9.0,1.8,5.73,4.46,561.9,136.59,0.96,296.77,10.53,64.82,50.85,0.0,-0.2
1.72,5.54,14.66,9.0,1.09,6.63,4.43,462.0,98.08,0.84,194.46,11.17,65.43,53.62,0.0,-1.11
1.86,1.93,13.87,9.0,0.94,3.79,4.77,559.43,165.24,0.99,298.51,10.26,64.12,50.19,0.0,0.4
4.61,5.51,11.67,9.0,1.73,5.73,4.56,604.82,169.75,1.02,337.24,10.49,65.82,50.68,0.0,0.06
3.82,3.31,13.87,9.0,0.94,5.73,4.84,522.93,150.96,0.94,257.13,10.84,65.09,52.5,0.0,-0.24
4.15,5.51,13.87,9.0,1.82,5.73,4.22,480.56,89.9,0.87,220.78,10.6,63.35,52.48,0.0,-0.82
3.51,5.51,14.18,9.0,0.94,3.8,4.49,532.49,158.97,0.97,265.27,10.99,65.32,52.97,0.0,-0.62
4.61,5.51,3.91,9.0,0.94,5.73,4.07,465.62,101.92,0.82,198.82,10.98,65.25,53.15,0.0,-1.2
4.61,5.51,8.58,9.0,0.94,6.8,4.34,487.22,124.88,0.89,221.52,11.1,64.98,53.84,0.0,-1.05
4.61,3.94,13.87,9.0,1.5,5.75,4.84,569.8,158.73,1.02,306.37,10.6,64.43,51.83,0.0,0.02
2.57,5.06,7.53,9.0,0.94,5.23,4.35,496.13,125.55,0.89,228.71,11.05,65.34,53.28,0.0,-0.94
3.51,5.78,14.18,9.0,0.94,4.91,4.37,517.99,146.67,0.93,248.58,11.1,65.97,53.21,0.0,-0.86
3.24,5.51,13.87,9.0,0.95,3.8,4.48,513.37,142.57,0.92,246.23,11.01,65.33,53.0,0.0,-0.72
2.34,5.51,7.61,9.0,1.19,3.8,4.2,489.58,107.27,0.87,223.24,10.87,65.08,52.64,0.0,-0.95
2.51,5.51,14.16,9.0,0.95,5.73,4.38,465.94,103.98,0.85,197.92,11.18,65.51,53.66,0.0,-1.14
2.34,5.51,5.02,9.0,0.95,7.94,4.53,446.72,87.57,0.81,180.06,11.11,65.22,53.7,0.0,-1.05
1.62,5.68,13.87,9.0,0.95,7.84,4.24,453.89,95.41,0.82,185.37,11.25,65.67,53.63,0.0,-1.32
3.51,2.68,8.84,9.0,0.95,3.8,4.54,537.62,158.54,0.95,277.03,10.48,63.83,51.5,0.0,-0.1
2.34,5.51,13.87,9.0,0.94,5.54,4.09,467.76,106.08,0.85,199.55,11.17,65.6,53.31,0.0,-1.31
3.24,5.76,13.87,9.0,1.95,3.8,4.41,536.31,116.21,0.97,276.47,10.38,63.48,51.09,0.0,-0.26
3.24,5.51,13.61,9.0,1.83,5.8,4.49,552.67,135.81,1.02,292.15,10.51,63.54,51.86,0.0,-0.29
3.24,5.74,13.87,9.0,0.95,4.15,4.31,460.53,99.22,0.82,190.98,11.13,65.88,53.38,0.0,-1.15
2.73,5.51,10.57,9.0,0.95,6.22,4.3,498.21,127.02,0.9,227.82,11.11,66.15,52.94,0.0,-0.97
1.97,3.51,13.87,9.0,0.95,3.8,4.8,490.13,119.39,0.89,225.59,10.84,64.74,52.46,0.0,-0.39
3.24,1.74,13.87,9.0,0.95,3.58,5.31,680.18,264.66,1.08,415.02,9.99,65.81,47.39,0.0,1.73
3.54,2.01,5.24,9.0,1.52,7.93,5.2,713.32,255.96,1.12,447.4,9.87,66.13,46.79,0.0,1.76
1.58,3.0,6.68,9.0,1.27,2.94,4.36,496.34,107.58,0.88,240.14,10.31,62.7,50.93,0.0,-0.27
2.34,4.9,12.21,9.0,0.56,5.73,4.44,423.88,80.66,0.75,154.69,11.36,65.75,53.65,82.0,4.0
3.21,4.43,8.57,9.0,0.95,5.73,4.16,482.49,115.4,0.87,215.04,10.97,65.44,52.83,0.0,-1.03
3.63,4.45,9.43,9.0,1.12,4.46,4.34,498.43,121.31,0.89,232.98,10.89,64.93,52.66,0.0,-0.8
3.05,4.6,14.16,9.0,1.95,3.8,4.63,600.65,152.63,1.02,336.41,10.25,65.19,49.17,0.0,0.37
3.91,5.76,5.06,9.0,1.35,4.91,4.43,481.06,99.33,0.86,218.9,10.74,64.03,52.47,0.0,-0.7
2.91,5.51,9.9,9.0,0.95,5.73,4.25,488.23,120.97,0.87,219.59,11.13,65.73,53.5,0.0,-1.12
2.33,4.55,3.82,9.0,1.95,2.63,4.21,459.93,64.43,0.81,207.47,10.0,61.31,49.55,0.0,-0.21
2.34,5.68,13.21,9.0,1.39,4.41,4.9,528.33,129.98,0.95,262.85,10.84,64.93,52.78,0.0,-0.31
3.24,5.51,14.14,9.0,0.95,5.73,4.32,473.5,114.32,0.85,206.62,11.17,65.25,54.02,0.0,-1.18
4.19,5.51,7.86,9.0,1.48,5.73,4.73,516.59,121.81,0.92,253.3,10.68,64.29,52.21,0.0,-0.31
2.34,5.51,14.92,9.0,1.18,5.73,4.71,456.47,90.75,0.82,188.86,11.07,65.47,53.18,0.0,-0.81
2.34,5.51,13.87,9.0,0.94,5.73,4.17,479.88,114.78,0.88,211.88,11.19,65.52,53.88,0.0,-1.29
4.2,4.69,13.87,9.0,0.78,5.73,4.36,494.55,138.4,0.9,227.1,11.1,65.31,53.49,4.0,4.0
2.34,5.51,13.87,9.0,0.95,5.73,4.06,444.29,89.19,0.81,177.57,11.22,65.23,54.29,0.0,-1.55
2.34,4.51,6.32,9.0,0.67,5.73,4.16,445.94,92.6,0.79,177.17,11.15,65.68,53.2,44.0,4.0
1.67,4.17,13.21,9.0,0.95,2.76,4.21,452.16,91.27,0.83,190.46,10.86,63.9,53.3,0.0,-1.08
3.24,3.82,7.08,9.0,1.6,2.02,4.41,534.41,121.87,0.95,280.39,10.0,61.9,49.45,0.0,0.19
3.24,3.63,13.87,9.0,1.66,3.8,4.34,506.43,109.53,0.91,248.31,10.41,63.13,51.35,0.0,-0.39
2.68,5.76,10.38,9.0,1.95,3.8,4.33,541.37,117.91,0.95,278.75,10.32,64.34,50.05,0.0,-0.15
3.56,3.11,4.14,9.0,1.95,5.18,4.61,588.49,141.48,1.0,330.5,9.92,63.03,48.84,0.0,0.55
3.24,5.76,13.87,9.0,0.8,3.8,4.21,461.83,108.03,0.84,194.55,11.19,65.29,54.12,1.0,4.0
2.36,5.76,5.6,9.0,0.63,3.8,4.0,441.35,88.68,0.77,172.6,11.18,65.74,53.41,43.0,4.0
1.97,5.76,13.87,9.0,0.98,3.8,4.99,527.87,150.94,0.94,258.25,11.03,66.02,52.67,0.0,-0.26
3.24,5.78,11.28,9.0,1.95,2.44,4.32,529.22,109.13,0.96,273.26,10.17,62.26,50.43,0.0,-0.15
3.24,4.34,10.09,9.0,1.84,4.79,4.31,532.41,118.17,0.95,272.09,10.36,63.65,50.66,0.0,-0.27
2.23,2.14,11.28,9.0,0.54,2.44,4.42,451.85,97.04,0.82,194.89,10.38,62.67,51.92,60.0,4.0
1.81,4.95,11.28,9.0,1.95,2.07,4.61,561.73,140.98,0.97,301.58,10.06,63.51,49.31,0.0,0.41
3.84,5.78,14.09,9.0,1.71,5.94,4.51,613.88,172.1,1.03,345.23,10.6,66.34,50.37,0.0,-0.0
3.24,3.55,7.28,9.0,1.4,2.44,4.55,545.01,136.82,0.97,285.95,10.22,63.35,50.13,0.0,0.15
3.24,4.43,11.28,9.0,1.95,2.44,4.58,575.68,136.41,1.02,316.07,10.04,63.47,49.4,0.0,0.37
3.24,5.78,11.28,9.0,1.95,4.87,4.57,628.18,181.41,1.07,363.23,10.31,65.32,49.54,0.0,0.36
2.99,5.78,11.28,9.0,0.63,2.44,4.08,437.38,87.28,0.79,169.24,11.17,65.43,53.62,25.0,4.0
3.24,5.78,11.28,9.0,0.95,4.89,4.13,471.14,108.3,0.84,202.52,11.14,65.68,53.41,0.0,-1.26
2.45,5.51,13.87,9.0,1.95,4.87,4.32,519.0,107.64,0.93,257.8,10.47,63.76,51.31,0.0,-0.45
1.56,1.8,6.66,9.0,1.43,5.73,4.88,533.02,127.54,0.93,277.98,9.9,62.46,48.93,0.0,0.71
2.34,5.51,12.44,9.0,0.95,5.73,4.21,496.42,124.71,0.88,226.33,11.12,66.15,52.99,0.0,-1.07
2.34,4.74,13.87,9.0,0.6,5.1,4.15,419.81,78.87,0.77,153.06,11.34,65.13,54.67,68.0,4.0
3.58,4.2,8.43,9.0,1.0,5.73,4.39,501.48,129.31,0.91,236.44,10.94,64.86,53.13,0.0,-0.81
1.56,1.51,13.87,9.0,0.95,3.82,4.86,529.2,137.5,0.92,272.7,9.97,62.79,49.13,0.0,0.66
2.34,5.51,13.87,9.0,1.42,3.81,4.35,519.73,122.17,0.94,255.67,10.77,64.55,52.61,0.0,-0.71
3.33,5.51,13.87,9.0,0.95,5.73,4.69,507.26,140.33,0.9,239.1,11.05,65.68,52.97,0.0,-0.58
4.96,5.51,6.16,9.0,0.95,5.73,4.22,493.65,123.87,0.87,223.81,11.03,65.97,52.62,0.0,-0.96
1.96,2.39,10.39,9.0,1.35,5.73,4.55,559.31,149.54,0.99,297.04,10.35,64.35,49.98,0.0,0.14
2.34,2.11,5.62,9.0,0.95,4.65,4.59,487.58,116.08,0.91,234.3,10.28,61.8,51.6,0.0,-0.12
2.34,4.04,13.87,9.0,0.76,5.31,4.18,460.35,103.3,0.83,191.56,11.14,65.68,53.04,13.0,4.0
4.27,5.51,13.87,9.0,0.95,5.73,4.15,470.35,110.65,0.83,200.98,11.14,65.96,53.23,0.0,-1.21
2.34,5.61,13.87,9.0,0.66,5.73,4.0,438.54,89.46,0.79,168.19,11.34,66.15,53.73,61.0,4.0
2.11,4.58,13.87,9.0,1.84,5.73,4.93,511.55,105.38,0.92,251.54,10.52,63.44,51.59,0.0,-0.05
3.83,5.51,9.99,9.0,0.95,2.9,4.24,467.16,103.87,0.85,202.0,10.95,64.82,53.59,0.0,-1.09
3.25,4.71,13.87,9.0,0.95,5.73,4.56,568.33,185.63,1.02,297.21,10.97,66.86,52.19,0.0,-0.35
4.27,5.51,12.95,9.0,1.62,4.61,4.52,574.86,148.22,0.98,307.09,10.59,65.9,51.11,0.0,-0.18
2.34,4.06,11.41,9.0,0.95,5.73,4.3,443.43,86.99,0.82,178.1,11.07,64.8,53.79,0.0,-1.22
4.97,5.51,13.87,9.0,0.95,5.73,4.11,469.66,109.07,0.84,200.88,11.13,65.73,53.39,0.0,-1.26
2.34,5.51,13.87,9.0,0.95,2.9,4.48,503.0,129.58,0.91,235.55,10.97,65.36,52.89,0.0,-0.73
4.83,3.18,8.19,9.0,0.5,7.37,4.21,446.66,107.84,0.81,181.09,11.07,64.99,53.77,65.0,4.0
3.63,5.73,13.87,9.0,0.95,5.73,4.61,459.2,99.66,0.83,190.12,11.19,65.79,53.6,0.0,-0.98
3.63,3.68,13.87,9.0,1.29,7.46,4.81,543.15,146.09,0.96,274.37,10.75,66.12,51.47,0.0,-0.1
1.29,3.94,4.29,9.0,0.95,4.43,5.09,512.75,134.61,0.92,248.87,10.7,64.45,51.67,0.0,0.08
2.15,5.37,13.87,9.0,0.95,5.73,4.2,453.34,95.29,0.82,185.76,11.22,65.34,53.88,0.0,-1.36
4.54,2.11,13.87,9.0,0.55,2.32,4.78,573.41,203.82,1.05,314.28,10.22,63.42,51.22,37.0,4.0
4.32,5.73,5.34,9.0,1.19,3.55,4.15,480.29,101.72,0.86,216.1,10.8,64.6,52.78,0.0,-0.98
3.63,5.3,13.87,9.0,0.95,7.42,4.31,467.6,109.64,0.85,200.88,11.15,65.21,53.99,0.0,-1.19
3.63,4.27,4.01,9.0,0.95,5.73,4.45,532.63,153.93,0.97,267.92,10.77,64.76,52.41,0.0,-0.47
3.63,1.73,12.53,9.0,0.95,4.74,4.96,652.34,244.26,1.05,386.39,10.12,65.96,48.01,0.0,1.22
2.65,5.73,11.05,9.0,0.59,3.55,3.96,443.64,92.55,0.78,172.4,11.28,66.31,53.3,60.0,4.0
4.77,5.73,10.45,9.0,0.93,3.55,4.43,468.32,107.15,0.85,201.75,11.06,65.2,53.7,0.0,-1.02
2.09,4.08,5.34,9.0,1.19,3.61,4.24,489.42,106.9,0.89,228.67,10.62,63.74,52.03,0.0,-0.69
4.32,5.73,6.36,9.0,1.63,3.55,4.42,582.55,152.34,0.99,317.27,10.41,65.02,50.45,0.0,-0.05
2.1,5.73,5.34,9.0,0.76,3.43,4.19,492.91,129.72,0.89,226.89,11.03,65.09,53.53,39.0,4.0
1.93,5.73,5.34,9.0,0.57,6.04,3.98,424.18,75.93,0.75,154.61,11.31,66.01,53.24,85.0,4.0
4.32,5.73,5.34,9.0,0.79,3.32,4.12,472.04,109.15,0.83,202.69,11.0,65.88,52.81,0.0,-1.1
4.32,5.73,5.34,9.0,1.19,2.03,4.17,494.65,109.04,0.88,232.49,10.48,64.04,51.35,0.0,-0.57
3.92,2.93,13.87,9.0,0.6,7.44,4.48,485.09,136.42,0.87,219.12,10.98,65.16,52.89,50.0,4.0
4.01,5.51,8.01,9.0,0.71,5.73,4.07,458.22,107.17,0.81,188.79,11.21,65.96,53.34,14.0,4.0
3.14,5.51,13.87,9.0,0.95,5.73,4.45,510.25,140.29,0.92,242.33,11.14,65.45,53.6,0.0,-0.9
2.14,5.51,13.87,9.0,1.07,5.73,4.48,523.45,141.7,0.95,255.31,11.03,65.62,52.69,0.0,-0.69
2.34,5.51,11.71,9.0,0.95,5.73,4.11,458.72,97.17,0.82,189.82,11.17,65.78,52.89,0.0,-1.28
3.24,4.32,13.87,9.0,0.95,3.38,4.46,484.02,118.1,0.87,218.32,10.91,65.0,52.97,0.0,-0.77
2.34,2.97,14.47,9.0,0.95,5.73,4.44,481.95,113.62,0.87,217.54,10.83,64.73,52.28,0.0,-0.67
3.49,5.51,13.87,9.0,0.95,4.64,4.81,487.37,123.88,0.87,220.86,11.04,65.15,53.51,0.0,-0.62
3.43,1.93,13.87,9.0,0.95,5.05,4.81,541.87,162.82,0.95,283.26,10.34,63.36,51.46,0.0,0.22
1.79,5.51,13.87,9.0,1.9,4.77,4.39,526.53,129.39,0.94,265.08,10.48,63.9,51.05,0.0,-0.28
2.34,5.51,13.87,9.0,0.95,5.73,4.06,444.29,89.19,0.81,177.57,11.22,65.23,54.29,0.0,-1.55
2.34,5.51,13.87,9.0,1.5,5.73,4.41,510.78,116.57,0.91,246.7,10.84,64.6,52.52,0.0,-0.71
4.21,2.57,12.24,9.0,1.66,3.52,5.04,664.47,206.34,1.04,396.5,10.01,66.45,47.55,0.0,1.25
3.76,4.04,12.5,9.0,0.95,2.31,4.47,540.32,156.13,0.97,274.54,10.68,65.07,51.88,0.0,-0.33
2.86,1.5,13.87,9.0,0.95,5.73,4.86,603.68,200.33,1.01,340.19,10.05,65.16,48.13,0.0,0.99
1.49,5.51,13.87,9.0,0.89,6.81,4.37,496.82,131.62,0.91,228.01,11.23,65.78,53.58,1.0,4.0
1.33,5.21,13.87,9.0,1.69,5.73,4.23,491.83,113.65,0.89,229.3,10.69,64.1,52.0,0.0,-0.71
2.34,2.82,11.7,9.0,1.5,5.73,4.78,607.93,172.04,1.03,339.88,10.45,66.02,49.67,0.0,0.38
2.34,5.51,13.87,9.0,1.63,5.73,4.29,501.59,102.32,0.9,238.61,10.75,64.19,52.37,0.0,-0.79
2.34,5.51,13.87,9.0,1.5,4.48,4.75,630.6,193.79,1.07,360.7,10.67,66.84,50.47,0.0,0.22
2.34,5.51,13.87,9.0,1.94,5.73,4.71,503.67,101.64,0.89,241.9,10.53,63.81,51.42,0.0,-0.22
2.63,2.98,7.71,9.0,1.5,7.88,4.46,549.96,143.34,1.0,291.09,10.42,63.42,50.91,0.0,-0.11
2.34,5.51,12.22,9.0,1.5,5.7,4.45,543.75,138.98,0.97,280.19,10.75,64.44,52.3,0.0,-0.51
2.89,5.51,4.02,9.0,1.11,5.73,4.24,523.47,132.93,0.9,254.38,10.84,66.07,51.55,1.0,4.0
2.34,2.74,3.83,9.0,1.1,5.73,4.27,467.38,93.6,0.85,211.01,10.42,62.67,51.16,0.0,-0.5
1.52,5.11,9.23,9.0,0.95,5.8,4.25,470.67,106.42,0.84,202.71,11.12,65.58,52.81,0.0,-1.09
2.34,5.51,12.26,9.0,0.95,5.73,4.33,474.96,111.44,0.85,207.46,11.17,65.38,53.65,0.0,-1.14
2.34,1.95,5.43,9.0,0.95,5.73,4.46,533.1,145.65,0.94,274.65,10.22,63.28,49.94,0.0,0.14
2.34,4.04,12.32,9.0,0.95,5.73,4.54,525.76,150.66,0.96,260.43,10.96,64.9,52.95,0.0,-0.6
2.85,3.62,13.87,9.0,0.95,3.9,4.64,548.9,166.16,0.98,280.89,10.84,65.56,52.17,0.0,-0.29
2.34,1.87,6.5,9.0,1.68,4.36,4.99,659.42,191.67,1.07,399.92,9.69,64.05,46.71,0.0,1.45
2.32,4.01,14.67,9.0,0.95,5.73,4.72,470.99,106.44,0.85,202.99,11.03,65.71,52.73,0.0,-0.66
4.25,4.95,3.83,9.0,1.1,5.73,4.52,474.87,102.68,0.85,210.82,10.82,64.59,52.75,0.0,-0.7
3.98,2.74,3.83,9.0,1.1,5.73,4.48,511.08,128.77,0.93,252.96,10.38,63.23,51.41,0.0,-0.19
2.34,2.74,8.92,9.0,1.27,5.73,4.71,583.5,166.62,1.0,316.63,10.47,65.73,49.92,0.0,0.26
4.65,5.51,8.79,9.0,0.95,5.73,4.47,475.39,113.58,0.85,207.5,11.08,65.5,53.41,0.0,-0.94
2.29,4.52,3.83,9.0,1.1,6.78,4.27,495.02,115.23,0.89,231.67,10.79,64.31,52.35,0.0,-0.78
2.34,2.74,10.27,9.0,1.1,5.73,4.45,482.51,105.67,0.85,219.08,10.65,64.56,51.15,0.0,-0.45
2.13,2.74,6.84,9.0,1.1,5.73,4.41,507.26,128.98,0.93,250.19,10.52,62.98,51.74,0.0,-0.37
4.89,2.74,3.94,9.0,1.7,7.7,4.78,633.4,189.92,1.08,371.73,10.01,64.29,48.64,0.0,0.85
2.41,2.74,7.53,9.0,1.27,5.24,4.54,500.08,112.4,0.91,241.36,10.45,63.29,50.94,0.0,-0.2
2.34,1.68,8.92,9.0,1.27,5.73,5.21,751.04,287.67,1.16,480.95,9.89,67.26,46.14,0.0,1.96
4.51,2.33,8.08,9.0,1.58,5.73,5.39,792.52,315.86,1.17,518.85,10.01,68.12,46.55,0.0,2.1
2.34,2.74,8.92,9.0,1.27,5.73,4.71,583.5,166.62,1.0,316.63,10.47,65.73,49.92,0.0,0.26
4.16,2.74,8.92,9.0,1.27,5.73,4.62,597.24,179.36,1.02,329.35,10.47,66.07,50.07,0.0,0.23
1.38,2.74,8.92,9.0,1.05,3.1,4.19,474.14,98.52,0.83,213.48,10.49,63.8,50.98,0.0,-0.56
2.69,2.74,8.92,9.0,1.27,2.23,4.58,549.73,142.64,0.96,291.46,10.07,63.16,49.42,0.0,0.37
2.34,4.14,8.92,9.0,1.25,3.39,4.27,523.05,125.42,0.92,256.85,10.66,65.13,51.62,0.0,-0.57
2.34,1.53,7.71,9.0,0.95,5.73,4.93,575.56,177.7,1.02,319.2,9.99,62.62,49.84,0.0,0.79
2.34,5.51,8.92,9.0,1.2,5.32,4.37,499.48,117.98,0.91,234.58,10.95,64.73,53.36,0.0,-0.91
2.34,5.51,13.87,9.0,0.95,4.52,4.44,501.07,128.97,0.89,232.17,11.1,65.86,53.15,0.0,-0.88
1.5,5.51,13.87,9.0,1.13,3.71,4.18,456.59,94.05,0.82,190.03,11.04,65.21,53.16,0.0,-1.19
3.96,2.05,12.01,9.0,1.12,6.8,5.07,716.98,287.66,1.09,443.96,10.28,67.95,47.39,0.0,1.46
1.93,4.14,8.92,9.0,0.97,5.05,4.89,507.21,132.98,0.91,240.42,10.93,65.18,52.65,0.0,-0.35
2.34,5.51,5.94,9.0,1.25,6.64,4.68,498.13,113.95,0.89,231.67,10.9,65.2,52.65,0.0,-0.57
2.34,4.14,9.36,9.0,1.11,5.28,4.71,494.49,116.68,0.89,228.05,10.95,65.17,52.89,0.0,-0.59
1.93,4.14,8.92,9.0,0.97,6.03,4.86,484.33,115.15,0.87,218.45,10.99,65.05,53.13,0.0,-0.54
1.93,4.14,8.92,9.0,1.76,4.46,4.76,505.26,102.25,0.91,247.41,10.43,62.9,51.26,0.0,-0.1
3.86,4.14,4.12,9.0,1.07,4.9,4.24,482.81,109.94,0.88,221.94,10.74,63.77,52.81,1.0,4.0
3.36,4.14,8.92,9.0,0.97,5.05,4.67,469.68,106.73,0.86,204.9,10.94,64.82,53.35,0.0,-0.72
1.93,4.14,8.92,9.0,0.58,7.51,4.22,428.21,82.65,0.77,160.59,11.27,65.37,53.43,104.0,4.0
1.26,4.03,8.92,9.0,0.97,4.92,4.39,529.19,149.13,0.95,261.48,10.95,65.46,52.98,0.0,-0.72
1.93,4.5,5.82,9.0,0.97,7.7,4.93,495.84,123.91,0.9,229.14,11.0,65.21,52.99,0.0,-0.44
4.81,4.14,13.88,9.0,1.86,5.05,4.73,633.19,184.55,1.06,367.15,10.3,65.49,49.85,0.0,0.47
2.86,5.51,13.87,9.0,0.95,5.73,4.18,466.02,104.78,0.84,197.91,11.16,65.59,53.31,0.0,-1.23
2.34,4.53,10.83,9.0,1.61,4.21,4.59,485.36,96.21,0.86,223.16,10.57,64.03,51.38,0.0,-0.36
2.34,5.51,13.87,9.0,1.64,5.73,4.3,528.75,119.59,0.94,264.58,10.72,64.67,51.76,0.0,-0.62
1.72,5.51,9.99,9.0,0.95,5.73,4.71,468.32,107.25,0.85,201.52,11.13,65.23,53.56,0.0,-0.82
3.94,5.51,6.67,9.0,1.21,6.66,4.25,495.08,116.78,0.88,229.26,10.94,65.01,53.2,0.0,-0.98
2.34,5.51,13.87,9.0,0.95,4.49,4.28,462.63,101.26,0.85,196.14,11.16,65.19,53.75,0.0,-1.22
2.12,5.51,6.94,9.0,1.4,7.42,4.13,486.63,101.23,0.87,221.1,10.85,65.0,52.48,0.0,-1.0
2.68,5.51,13.87,9.0,0.61,4.42,4.21,437.78,89.55,0.79,167.38,11.3,66.37,53.42,70.0,4.0
4.48,5.51,13.63,9.0,1.46,5.73,4.64,522.49,127.96,0.94,257.61,10.81,64.8,52.91,0.0,-0.52
3.79,5.07,13.87,9.0,0.95,2.77,4.34,513.82,137.33,0.91,245.53,10.89,65.61,52.53,0.0,-0.72
4.36,5.51,13.87,9.0,0.95,5.73,4.65,459.02,101.87,0.82,191.13,11.17,65.5,53.67,0.0,-0.93
4.92,4.72,3.88,9.0,1.77,5.73,4.4,563.99,137.04,0.99,303.18,10.24,63.79,50.03,0.0,0.03
4.88,5.51,13.87,9.0,0.95,3.74,4.36,508.29,137.15,0.9,239.51,10.99,65.76,52.57,0.0,-0.77
4.22,5.51,14.02,9.0,0.78,5.73,4.63,481.48,126.28,0.88,213.47,11.21,65.44,54.35,2.0,4.0
2.34,5.51,13.87,9.0,0.95,3.6,4.34,499.51,127.47,0.89,231.27,11.03,65.63,53.0,0.0,-0.9
3.21,1.8,13.87,9.0,1.36,2.09,5.19,721.13,259.46,1.11,457.04,9.57,65.35,45.87,0.0,2.06
3.29,5.51,4.29,9.0,1.21,3.74,4.55,505.06,118.91,0.89,240.85,10.67,64.59,51.97,0.0,-0.43
3.66,4.95,14.33,9.0,2.0,5.73,4.52,544.86,120.67,0.94,286.21,10.38,63.07,50.92,0.0,-0.14
2.71,5.51,13.87,9.0,1.22,4.66,4.32,479.85,102.97,0.86,211.41,11.0,65.68,53.11,0.0,-1.01
1.87,5.04,4.28,9.0,1.77,2.58,4.18,503.87,104.07,0.9,247.85,10.14,62.26,50.17,0.0,-0.23
3.26,5.74,11.72,9.0,0.95,5.48,4.56,499.68,130.7,0.88,229.96,11.06,66.26,52.56,0.0,-0.68
2.66,5.51,6.85,9.0,0.95,5.14,4.57,467.22,101.05,0.82,197.84,11.06,65.86,52.8,0.0,-0.83
2.34,3.53,13.87,9.0,0.95,2.63,4.54,545.45,158.67,0.98,281.4,10.65,64.66,51.69,0.0,-0.22
2.0,5.51,13.87,9.0,1.93,5.73,4.34,527.66,128.56,0.93,264.92,10.54,64.22,51.13,0.0,-0.37
2.0,5.51,11.53,9.0,1.93,5.73,4.37,523.57,123.16,0.95,263.0,10.49,63.54,51.38,0.0,-0.37
2.0,5.51,3.97,9.0,1.93,5.73,4.23,487.63,97.51,0.88,230.97,10.32,62.37,51.23,0.0,-0.46
4.0,1.61,13.87,9.0,1.93,5.73,5.27,834.99,303.79,1.19,564.99,9.54,67.37,44.96,0.0,2.43
4.99,2.67,9.37,9.0,1.92,5.73,5.28,829.2,323.7,1.29,556.71,9.82,67.67,46.76,0.0,2.14
3.92,3.53,13.87,9.0,1.92,5.73,4.78,671.24,203.04,1.08,405.55,10.2,65.77,48.0,0.0,0.87
4.68,3.44,13.87,9.0,1.76,5.73,4.51,581.38,150.14,0.99,318.04,10.33,64.69,49.92,0.0,0.13
2.8,5.51,13.87,9.0,1.93,5.73,4.3,523.04,107.67,0.92,260.44,10.47,64.2,50.94,0.0,-0.42
2.0,2.34,13.87,9.0,1.93,6.37,4.68,611.02,163.27,1.04,350.73,10.03,64.03,48.21,0.0,0.7
2.34,5.51,5.63,9.0,1.79,5.73,4.12,508.82,103.87,0.89,245.84,10.48,64.25,50.76,0.0,-0.56
3.94,5.51,13.87,9.0,1.02,2.27,4.43,488.04,116.47,0.88,225.73,10.82,64.14,53.12,0.0,-0.76
2.59,4.79,13.87,9.0,0.95,5.73,4.22,481.89,112.52,0.86,212.11,11.11,66.36,52.66,0.0,-1.06
2.97,5.51,13.87,9.0,1.18,5.73,4.06,442.8,79.4,0.78,174.18,11.1,65.73,53.0,0.0,-1.36
1.67,1.48,13.87,9.0,0.95,6.54,5.33,542.79,151.64,0.99,286.47,10.1,62.64,50.76,0.0,0.81
2.34,5.51,11.55,9.0,1.22,5.73,4.81,477.48,102.55,0.87,210.94,11.01,65.18,53.07,0.0,-0.63
2.36,5.51,11.32,9.0,0.95,2.15,4.19,492.39,115.57,0.88,224.2,10.9,65.56,52.68,0.0,-0.95
2.34,3.32,13.87,9.0,0.98,5.73,4.48,520.04,140.42,0.93,253.89,10.86,65.06,52.56,0.0,-0.58
2.34,3.69,13.87,9.0,0.95,2.15,4.49,489.53,115.2,0.89,227.42,10.61,64.12,52.38,0.0,-0.5
2.35,3.99,13.35,9.0,0.95,4.64,4.33,464.67,99.0,0.84,196.79,11.0,65.57,53.03,0.0,-1.01
2.65,5.0,11.32,9.0,0.95,2.73,4.3,532.99,148.04,0.93,263.14,10.87,66.5,51.39,0.0,-0.55
2.34,5.51,13.87,9.0,0.95,5.73,4.06,444.29,89.19,0.81,177.57,11.22,65.23,54.29,0.0,-1.55
4.64,3.46,14.92,9.0,1.47,2.15,4.49,548.63,139.19,0.96,291.4,10.19,62.9,50.65,0.0,0.07
2.35,5.51,11.32,9.0,0.99,3.15,4.26,460.81,96.5,0.84,195.23,11.04,64.98,53.23,0.0,-1.12
4.1,5.51,10.22,9.0,0.53,5.73,4.01,426.3,87.98,0.76,157.05,11.38,65.9,53.9,81.0,4.0
2.36,5.51,12.49,9.0,1.82,4.71,4.62,586.63,154.59,1.02,321.69,10.47,64.92,50.55,0.0,0.07
2.06,5.17,13.87,9.0,0.6,5.73,4.11,432.98,86.78,0.77,164.05,11.32,65.78,53.67,73.0,4.0
2.34,5.51,11.29,9.0,0.95,2.34,4.36,490.07,119.38,0.9,225.58,10.94,64.61,53.5,0.0,-0.92
2.34,5.51,4.39,9.0,1.29,7.87,4.07,447.5,79.98,0.81,185.22,10.84,64.07,52.9,0.0,-1.17
4.88,3.69,13.87,9.0,1.24,4.97,4.57,603.1,191.74,1.05,333.99,10.64,66.31,50.97,0.0,0.03
2.34,3.69,11.26,9.0,1.91,6.51,4.47,610.02,154.57,1.0,343.43,10.32,65.83,48.79,0.0,0.26
1.62,1.91,13.87,9.0,0.95,2.15,4.87,538.84,144.63,0.97,282.73,9.95,62.49,50.45,0.0,0.56
2.34,3.5,5.23,9.0,0.95,5.73,4.22,470.03,104.49,0.86,209.36,10.79,63.8,52.88,0.0,-0.92
2.34,3.69,13.87,9.0,0.71,2.21,4.4,470.3,112.33,0.86,208.03,10.78,64.1,52.73,21.0,4.0
4.09,4.11,11.29,9.0,1.76,2.34,4.68,663.98,198.44,1.07,398.47,10.07,65.49,48.1,0.0,0.84
3.66,5.51,11.29,9.0,0.95,5.9,4.28,475.14,114.78,0.87,210.02,11.16,64.81,54.44,0.0,-1.25
2.14,2.62,11.29,9.0,0.95,4.5,4.62,558.77,166.92,0.97,292.47,10.56,65.6,50.27,0.0,0.1
2.34,5.51,11.29,9.0,0.95,2.34,4.36,490.07,119.38,0.9,225.58,10.94,64.61,53.5,0.0,-0.92
4.01,1.58,11.29,9.0,0.95,6.35,5.06,641.19,242.09,1.04,377.25,10.1,65.3,48.83,0.0,1.21
3.34,5.51,11.29,9.0,0.93,3.26,4.35,477.57,114.96,0.88,213.14,11.03,64.66,53.63,0.0,-1.02
2.34,5.51,11.29,9.0,1.37,2.34,4.37,523.42,122.8,0.92,259.66,10.6,64.41,51.46,0.0,-0.44
2.34,5.51,4.02,9.0,0.79,2.34,4.17,451.57,86.85,0.8,185.32,10.83,65.07,52.36,1.0,4.0
2.34,3.73,12.86,9.0,1.27,2.08,4.33,499.43,110.23,0.89,240.66,10.43,63.31,51.17,0.0,-0.39
2.34,5.51,11.29,9.0,0.95,4.82,4.24,466.34,102.5,0.84,197.84,11.14,65.67,53.4,0.0,-1.2
2.34,4.33,12.44,9.0,1.71,2.34,4.64,580.38,144.88,1.0,317.99,10.21,64.12,50.24,0.0,0.24
2.34,5.69,11.29,9.0,1.5,7.26,4.46,528.18,127.85,0.95,264.37,10.78,64.6,52.23,0.0,-0.56
2.34,5.51,11.29,9.0,0.95,2.34,4.36,490.07,119.38,0.9,225.58,10.94,64.61,53.5,0.0,-0.92
4.82,5.51,5.8,9.0,1.91,2.34,4.55,591.78,144.24,0.99,331.77,9.98,63.55,49.24,0.0,0.43
1.43,5.51,13.85,9.0,0.95,4.51,4.26,465.62,103.69,0.84,197.16,11.14,65.68,53.07,0.0,-1.14
1.82,5.51,11.29,9.0,0.69,2.34,4.03,441.19,85.49,0.8,173.52,11.11,65.39,53.31,36.0,4.0
2.04,3.05,13.87,9.0,0.95,7.26,4.64,518.2,141.83,0.94,252.78,10.88,64.95,52.77,0.0,-0.49
4.85,5.66,11.29,9.0,1.5,7.07,4.66,508.04,118.78,0.92,244.58,10.77,64.39,52.76,0.0,-0.5
2.34,4.79,13.87,9.0,0.95,5.73,4.18,451.87,92.58,0.82,184.84,11.15,65.26,53.61,0.0,-1.31
2.34,5.51,13.87,9.0,0.95,5.73,4.06,444.29,89.19,0.81,177.57,11.22,65.23,54.29,0.0,-1.55
2.34,4.28,11.29,9.0,1.5,4.91,4.29,504.25,108.57,0.9,240.4,10.67,64.56,51.68,0.0,-0.64
2.34,5.69,12.81,9.0,1.15,6.99,4.29,455.24,88.83,0.8,185.7,11.12,66.06,52.93,0.0,-1.15
2.21,5.51,11.29,9.0,1.26,2.18,4.83,499.77,114.64,0.91,239.54,10.65,63.52,52.54,0.0,-0.28
2.05,5.69,13.87,9.0,1.48,5.73,4.87,501.38,114.76,0.88,234.51,10.83,65.31,51.88,0.0,-0.28
4.44,4.08,12.81,9.0,1.94,3.93,4.55,620.14,160.37,1.02,355.24,10.19,65.25,48.69,0.0,0.43
4.75,5.69,14.03,9.0,1.15,6.99,4.34,512.74,135.05,0.93,246.47,11.03,65.14,53.46,0.0,-0.92
2.34,5.41,7.06,9.0,1.15,7.99,4.28,514.18,127.28,0.92,244.9,11.01,65.91,52.89,0.0,-0.92
2.02,2.18,5.63,9.0,1.16,6.83,4.55,533.96,140.24,0.95,276.37,10.3,63.1,50.29,0.0,0.09
2.36,5.36,13.17,9.0,1.15,6.99,4.51,566.92,169.55,1.0,296.73,10.98,66.41,52.35,0.0,-0.48
2.34,5.69,11.53,9.0,0.65,3.83,4.22,439.29,89.45,0.8,170.27,11.27,65.73,53.55,41.0,4.0
3.12,1.89,12.81,9.0,1.15,6.99,4.75,565.18,169.55,0.97,305.17,10.3,63.68,50.49,0.0,0.35
1.29,5.69,4.37,9.0,1.15,6.99,4.19,482.06,116.1,0.87,216.34,10.94,65.03,52.66,0.0,-0.97
2.34,4.3,4.39,9.0,0.95,3.73,4.33,454.93,93.65,0.83,194.73,10.74,63.56,52.93,0.0,-0.86
2.34,5.02,10.28,9.0,0.95,5.73,4.37,480.38,116.31,0.87,214.48,11.08,64.99,53.45,0.0,-1.01
1.58,1.89,8.35,9.0,0.95,7.9,4.96,598.22,196.12,1.06,335.41,10.33,64.75,49.87,0.0,0.67
2.82,5.51,8.6,9.0,0.95,5.73,4.09,463.63,101.25,0.82,194.47,11.09,65.86,52.94,0.0,-1.23
2.68,5.51,5.26,9.0,0.95,6.18,4.61,473.93,107.22,0.85,206.5,11.06,65.34,53.45,0.0,-0.85
2.34,5.51,9.51,9.0,0.95,6.03,4.66,465.65,103.67,0.84,197.96,11.14,65.47,53.32,0.0,-0.86
2.34,4.67,13.87,9.0,0.95,5.66,4.71,523.94,146.01,0.92,253.39,11.05,66.44,52.38,0.0,-0.47
1.73,4.59,13.87,9.0,1.52,5.73,4.47,513.13,119.68,0.93,251.17,10.71,64.06,52.46,0.0,-0.57
4.32,4.09,10.53,9.0,1.05,3.04,4.46,511.39,134.32,0.91,247.65,10.71,64.48,52.47,0.0,-0.52
1.37,4.67,13.87,9.0,0.95,7.82,4.22,474.39,110.65,0.87,205.94,11.19,65.74,53.29,0.0,-1.2
2.34,4.49,13.87,9.0,0.51,2.57,4.19,422.01,77.96,0.75,155.19,11.16,65.25,53.69,79.0,4.0
2.34,4.94,4.88,9.0,0.94,5.71,4.27,470.13,104.33,0.85,204.38,11.02,64.98,53.41,0.0,-1.09
4.56,5.03,8.56,9.0,1.36,5.66,4.6,534.58,137.17,0.95,268.96,10.73,65.0,52.15,0.0,-0.37
4.7,4.67,7.44,9.0,1.43,5.98,4.31,515.58,122.37,0.91,251.97,10.68,64.49,51.96,0.0,-0.6
1.47,5.64,9.06,9.0,0.95,5.73,5.1,497.83,128.98,0.91,229.16,11.11,65.73,53.43,0.0,-0.4
2.34,4.79,9.66,9.0,1.22,5.7,4.18,443.0,80.69,0.81,180.13,10.96,64.3,53.06,0.0,-1.18
2.34,5.51,13.87,9.0,1.41,5.73,4.84,489.98,105.97,0.89,225.14,10.89,64.75,52.96,0.0,-0.51
1.5,3.35,13.87,9.0,1.06,4.77,4.43,511.67,130.24,0.92,246.74,10.81,64.89,52.03,0.0,-0.57
2.34,5.51,13.87,9.0,0.77,5.73,4.07,451.76,97.47,0.82,182.69,11.27,65.78,53.57,13.0,4.0
2.34,5.51,9.27,9.0,0.95,2.35,4.45,497.85,125.41,0.91,233.67,10.85,64.58,52.76,0.0,-0.68
2.34,5.51,13.87,9.0,1.32,5.73,4.41,503.78,116.78,0.9,237.44,10.96,65.15,52.81,0.0,-0.82
1.96,5.51,13.87,9.0,1.68,5.73,4.37,496.9,109.77,0.89,233.96,10.68,64.34,51.64,0.0,-0.57
3.8,2.19,8.69,9.0,1.73,5.73,5.39,823.77,321.55,1.21,550.2,9.86,68.16,46.05,0.0,2.27
4.11,5.51,14.33,9.0,1.55,5.73,4.49,570.68,152.9,1.01,303.76,10.71,65.29,51.76,0.0,-0.33
2.34,3.53,5.83,9.0,1.29,2.56,4.55,539.67,134.73,0.95,280.25,10.29,63.47,50.39,0.0,0.06
2.34,5.52,13.87,9.0,0.62,6.84,4.29,426.13,84.06,0.79,158.64,11.37,65.32,54.65,60.0,4.0
3.42,5.56,13.87,9.0,0.95,6.98,4.21,483.04,118.49,0.85,213.88,11.17,65.94,53.27,0.0,-1.16
2.34,5.51,13.87,9.0,1.79,5.73,4.31,507.8,105.41,0.92,245.9,10.62,63.97,51.9,0.0,-0.63
2.34,5.51,13.87,9.0,0.95,5.73,4.06,444.29,89.19,0.81,177.57,11.22,65.23,54.29,0.0,-1.55
2.34,5.54,11.75,9.0,0.95,5.73,4.29,459.54,97.43,0.82,190.33,11.18,65.85,53.32,0.0,-1.19
2.34,2.52,4.41,9.0,0.95,4.54,4.5,546.25,156.41,0.98,286.46,10.38,63.54,50.83,0.0,0.01
2.34,5.51,3.79,9.0,1.52,5.73,4.64,491.08,98.51,0.89,231.5,10.56,63.27,51.79,0.0,-0.35
2.84,5.51,13.87,9.0,0.95,5.73,4.72,488.46,120.51,0.87,218.22,11.11,66.31,53.11,0.0,-0.7
3.52,5.51,13.87,9.0,0.87,5.73,4.17,451.7,98.55,0.81,183.84,11.22,65.44,53.52,0.0,-1.33
1.66,5.51,13.87,9.0,0.95,2.51,4.48,492.0,120.32,0.88,223.86,11.01,65.51,53.01,0.0,-0.81
3.4,5.51,5.13,9.0,0.95,7.45,4.3,488.75,120.15,0.87,221.15,11.06,65.44,53.21,0.0,-1.0
2.34,5.51,9.89,9.0,0.95,6.94,4.1,460.09,98.62,0.82,191.56,11.18,65.67,53.6,0.0,-1.37
3.37,5.51,12.83,9.0,1.89,7.63,4.53,568.71,138.04,1.01,304.01,10.54,64.72,51.03,0.0,-0.17
2.34,5.51,6.59,9.0,0.95,5.73,4.14,474.2,107.55,0.84,205.49,11.08,65.71,52.81,0.0,-1.14
1.27,5.51,13.87,9.0,0.7,5.73,4.26,425.8,79.67,0.76,157.31,11.33,65.67,53.61,42.0,4.0
3.93,3.38,13.87,9.0,0.87,5.73,4.63,551.0,181.14,1.01,286.63,10.83,64.72,52.49,0.0,-0.27
1.28,5.51,4.02,9.0,0.87,5.73,4.22,447.85,91.05,0.81,181.58,11.04,65.12,53.52,0.0,-1.21
3.52,5.51,13.87,9.0,0.87,5.73,4.17,451.7,98.55,0.81,183.84,11.22,65.44,53.52,0.0,-1.33
3.52,5.23,14.51,9.0,1.9,3.55,4.25,491.82,92.51,0.87,233.66,10.41,62.96,51.12,0.0,-0.5
3.39,5.51,14.53,9.0,1.37,5.11,4.41,513.58,122.88,0.91,245.98,10.89,65.47,52.4,0.0,-0.71
3.12,3.98,13.87,9.0,0.87,2.87,4.46,506.67,137.61,0.91,240.91,10.84,64.96,52.63,0.0,-0.6
3.52,4.84,13.87,9.0,0.87,5.73,4.2,489.75,126.53,0.86,220.37,11.14,65.94,52.99,0.0,-1.08
3.52,3.95,13.87,9.0,0.87,5.73,4.52,543.3,172.87,0.99,277.19,10.94,65.09,52.73,0.0,-0.48
2.34,5.51,13.76,9.0,1.41,6.51,4.27,495.8,109.54,0.89,229.68,10.94,65.1,52.59,0.0,-0.92
1.97,2.51,14.19,9.0,1.47,6.94,4.67,587.36,164.76,1.01,321.39,10.39,65.62,49.4,0.0,0.34
2.34,5.51,13.87,9.0,0.95,5.57,4.22,451.03,92.64,0.82,182.8,11.21,65.57,53.52,0.0,-1.31
4.75,5.51,13.87,9.0,0.85,5.73,4.56,490.46,130.38,0.88,221.42,11.14,65.83,53.44,0.0,-0.84
1.35,4.26,5.58,9.0,0.95,3.66,4.19,482.68,112.52,0.87,219.5,10.84,64.33,52.13,0.0,-0.86
2.63,5.51,13.87,9.0,0.95,3.83,4.35,512.64,138.3,0.91,243.38,11.04,65.86,53.2,0.0,-0.88
2.34,2.15,9.71,9.0,1.05,2.1,4.9,647.18,220.63,1.07,385.39,9.87,64.54,48.0,0.0,1.24
2.34,3.29,7.26,9.0,0.98,5.73,4.61,562.37,172.73,1.03,297.08,10.68,64.9,52.01,0.0,-0.17
3.39,5.51,5.16,9.0,1.53,5.11,4.48,531.99,129.24,0.99,272.76,10.53,63.31,52.0,0.0,-0.35
3.39,1.73,5.26,9.0,0.69,2.02,4.78,595.7,201.67,1.0,341.2,9.66,62.2,48.51,1.0,4.0
3.39,1.82,6.6,9.0,0.86,5.11,4.62,555.95,170.44,0.93,296.52,10.22,63.59,49.91,0.0,0.37
4.91,5.51,6.28,9.0,1.37,7.67,4.21,486.26,104.5,0.86,222.13,10.79,64.63,52.5,0.0,-0.89
3.39,5.51,14.53,9.0,1.51,5.11,4.32,506.23,112.83,0.89,241.7,10.77,64.72,52.13,0.0,-0.71
3.39,5.51,12.41,9.0,1.37,6.04,4.29,497.81,113.48,0.89,231.6,10.92,65.06,52.93,0.0,-0.92
3.39,5.51,12.34,9.0,1.12,5.11,4.33,498.31,122.03,0.89,231.45,11.02,65.3,53.08,0.0,-0.93
4.78,5.78,14.53,9.0,1.37,5.11,4.54,500.09,113.35,0.88,230.15,10.91,66.06,52.66,0.0,-0.69
2.34,5.41,11.89,9.0,0.95,5.73,4.08,444.61,86.08,0.79,175.47,11.17,65.86,53.21,0.0,-1.38
3.33,5.43,13.87,9.0,1.07,2.65,4.37,478.64,110.38,0.88,215.82,10.88,64.22,53.44,0.0,-0.91
4.49,4.02,13.87,9.0,0.95,5.73,4.35,484.97,120.68,0.87,219.06,11.01,64.99,53.02,0.0,-0.91
1.97,4.57,10.38,9.0,0.53,7.07,4.07,417.85,76.97,0.77,150.74,11.35,65.19,54.31,126.0,4.0
2.34,5.51,4.15,9.0,1.94,3.34,5.22,669.38,213.25,1.14,408.36,9.99,64.08,48.85,0.0,1.28
2.92,3.27,10.3,9.0,0.95,5.73,4.39,507.0,135.93,0.91,243.03,10.82,64.59,52.57,0.0,-0.64
2.34,2.2,6.97,9.0,0.95,5.73,5.0,514.97,136.37,0.94,256.66,10.37,63.29,51.29,0.0,0.26
2.34,5.4,12.91,9.0,0.95,7.78,4.39,464.69,105.29,0.86,197.98,11.22,65.24,54.08,0.0,-1.2
2.34,1.58,13.87,9.0,0.95,5.73,5.06,619.94,211.37,1.06,357.59,10.12,64.77,48.82,0.0,1.07
2.93,5.49,13.64,9.0,0.95,6.87,4.32,495.49,126.99,0.88,224.43,11.14,66.49,53.02,0.0,-0.99
3.88,3.84,8.27,9.0,1.19,5.53,4.33,489.3,112.17,0.87,225.11,10.8,64.65,52.8,0.0,-0.8
3.41,5.46,12.95,9.0,1.06,7.78,4.3,482.54,114.7,0.86,213.67,11.09,65.77,53.16,0.0,-1.04
4.92,5.4,12.91,9.0,1.31,7.78,4.51,565.25,160.02,0.99,294.77,10.88,66.83,52.03,0.0,-0.42
2.34,5.4,12.91,9.0,0.95,7.78,4.39,464.69,105.29,0.86,197.98,11.22,65.24,54.08,0.0,-1.2
2.34,3.7,13.87,9.0,0.94,7.47,4.76,448.77,91.63,0.82,183.19,11.05,64.93,53.37,0.0,-0.78
4.21,5.4,12.91,9.0,0.95,7.78,4.36,505.71,136.44,0.91,235.89,11.13,66.08,53.59,0.0,-0.98
2.92,5.51,5.76,9.0,1.41,5.73,4.2,515.3,121.41,0.89,249.64,10.73,64.99,51.29,0.0,-0.64
2.34,5.49,13.87,9.0,0.95,6.87,4.85,480.54,116.44,0.87,213.67,11.16,65.24,53.57,0.0,-0.7
3.44,5.49,10.53,9.0,0.95,6.87,4.74,616.31,228.1,1.1,344.42,10.91,67.37,51.6,0.0,0.07
2.93,5.51,13.64,9.0,0.52,5.73,4.53,422.38,84.44,0.77,153.77,11.42,65.66,54.28,83.0,4.0
2.93,5.49,13.64,9.0,0.95,2.87,4.21,462.7,99.75,0.84,197.07,11.05,64.95,53.73,0.0,-1.21
2.66,5.51,13.65,9.0,0.95,6.43,4.2,475.44,109.79,0.85,205.16,11.21,66.13,53.41,0.0,-1.24
3.56,5.49,13.64,9.0,0.95,6.87,4.53,508.49,141.24,0.94,241.52,11.12,65.28,54.01,0.0,-0.87
2.93,5.49,13.64,9.0,0.78,3.36,4.15,463.31,106.8,0.83,194.98,11.12,65.53,53.29,2.0,4.0
3.13,5.44,13.76,9.0,1.23,7.6,4.06,459.88,91.74,0.81,191.34,11.08,65.7,52.96,0.0,-1.29
4.06,5.17,13.92,9.0,0.95,6.43,4.29,491.78,127.36,0.89,225.08,11.16,65.22,54.04,0.0,-1.14
1.42,5.67,13.65,9.0,0.95,5.29,4.38,484.4,120.11,0.88,214.95,11.17,65.86,53.45,0.0,-1.04
2.66,5.51,13.65,9.0,0.95,2.84,4.29,475.82,110.1,0.87,210.6,11.04,64.88,53.7,0.0,-1.1
3.84,4.25,13.38,9.0,0.95,2.65,4.35,482.86,114.82,0.86,218.65,10.81,64.67,52.17,0.0,-0.71
2.66,5.51,13.65,9.0,1.57,6.43,4.57,566.41,153.28,1.03,302.91,10.71,64.53,52.12,0.0,-0.31
2.69,5.51,10.47,9.0,1.22,7.69,4.28,502.12,118.29,0.89,232.8,11.02,65.88,52.78,0.0,-0.95
2.73,5.51,5.5,9.0,1.66,2.01,5.27,640.47,192.19,1.12,377.55,10.01,64.38,48.98,0.0,1.2
3.84,4.25,4.15,9.0,0.95,5.99,4.41,505.26,132.28,0.9,240.49,10.84,64.76,52.79,0.0,-0.68
3.84,3.74,14.35,9.0,1.12,4.59,4.39,500.08,124.88,0.92,237.14,10.86,64.36,53.38,0.0,-0.81
2.92,3.82,13.87,9.0,0.9,4.0,4.35,482.8,116.52,0.86,216.65,10.94,65.04,52.91,0.0,-0.87
2.0,5.51,6.61,9.0,0.95,5.73,4.15,451.12,91.02,0.82,184.1,11.11,65.32,53.52,0.0,-1.31
4.41,5.51,13.87,9.0,0.61,2.65,4.42,493.33,142.01,0.89,225.09,11.1,65.47,53.64,26.0,4.0
3.12,4.25,13.59,9.0,0.95,5.73,4.69,471.9,111.99,0.85,206.46,11.05,64.99,52.79,0.0,-0.68
2.34,4.25,13.37,9.0,0.95,2.65,4.42,457.94,95.04,0.84,194.86,10.86,64.33,53.3,0.0,-0.9
3.46,5.51,13.46,9.0,0.7,4.21,4.3,484.13,129.19,0.86,215.13,11.18,65.76,53.38,32.0,4.0
4.34,3.77,13.59,9.0,0.95,5.73,4.45,525.54,151.11,0.91,254.67,10.91,66.74,51.83,0.0,-0.5
4.24,4.25,13.59,9.0,0.95,5.73,4.44,514.42,141.51,0.93,247.16,11.0,65.36,52.97,0.0,-0.74
2.34,4.25,13.87,9.0,1.33,2.61,4.43,531.48,129.63,0.94,268.15,10.55,64.4,51.3,0.0,-0.32
3.12,5.4,13.75,9.0,0.95,5.73,4.63,464.81,104.53,0.83,196.99,11.16,65.44,53.44,0.0,-0.9
1.73,4.25,13.59,9.0,0.6,5.61,4.33,421.17,76.46,0.77,153.65,11.28,65.31,54.36,83.0,4.0
1.73,4.25,13.59,9.0,0.95,5.73,4.31,458.32,96.83,0.82,191.58,11.07,65.16,52.85,0.0,-1.06
2.03,5.51,6.63,9.0,0.95,5.73,4.36,503.99,130.71,0.89,234.47,11.08,65.92,53.01,0.0,-0.9
2.42,4.25,13.8,9.0,0.95,3.72,4.26,489.08,116.93,0.87,220.93,10.98,65.69,52.47,0.0,-0.91
2.34,5.51,13.87,9.0,1.88,4.67,4.79,534.85,119.08,0.95,273.23,10.49,63.93,51.13,0.0,-0.03
1.63,2.16,13.87,9.0,1.99,3.44,4.88,668.12,187.84,1.1,407.05,9.73,64.29,47.03,0.0,1.29
2.34,5.51,13.87,9.0,0.95,5.63,4.34,460.99,100.93,0.84,193.1,11.19,65.53,53.36,0.0,-1.15
2.02,5.2,8.46,9.0,0.95,5.73,4.25,470.52,105.56,0.85,203.28,11.1,65.36,53.08,0.0,-1.11
2.96,3.4,13.87,9.0,1.32,5.73,4.55,538.5,145.35,0.97,275.82,10.68,64.29,52.22,0.0,-0.35
1.44,5.51,6.86,9.0,1.94,5.73,4.84,494.55,113.75,0.9,236.95,10.41,62.76,51.07,0.0,0.05
2.34,5.51,11.51,9.0,1.39,2.47,4.43,523.53,123.06,0.94,261.55,10.6,64.04,51.97,0.0,-0.46
2.06,5.51,13.87,9.0,0.95,7.2,4.27,484.47,117.53,0.87,215.17,11.18,66.0,53.19,0.0,-1.11
2.34,5.51,11.51,9.0,1.39,2.47,4.43,523.53,123.06,0.94,261.55,10.6,64.04,51.97,0.0,-0.46
4.21,4.43,11.67,9.0,1.39,7.08,4.41,534.9,136.83,0.95,269.74,10.75,64.94,52.44,0.0,-0.57
4.17,5.51,11.51,9.0,1.39,2.47,4.63,501.45,112.05,0.91,241.29,10.57,63.51,52.3,0.0,-0.37
2.34,5.51,11.51,9.0,0.82,2.05,4.32,485.42,118.0,0.88,218.74,10.97,65.16,53.31,0.0,-0.95
2.34,3.86,10.93,9.0,0.72,7.02,4.19,440.65,89.06,0.8,172.28,11.15,65.52,53.1,32.0,4.0
2.34,5.51,11.51,9.0,1.35,7.88,4.33,488.74,107.01,0.88,221.95,10.98,65.25,53.11,0.0,-0.97
3.5,5.16,10.08,9.0,1.49,5.05,4.88,553.54,145.96,1.01,288.86,10.66,64.77,52.21,0.0,-0.08
2.82,5.51,11.51,9.0,1.55,2.47,4.76,487.54,98.71,0.89,229.07,10.49,63.01,51.95,0.0,-0.23
4.66,2.52,13.19,9.0,0.95,5.73,4.72,584.77,201.85,1.01,318.6,10.57,65.68,50.52,0.0,0.28
2.34,3.8,13.87,9.0,0.95,5.73,4.62,540.99,160.66,0.97,273.51,10.94,65.59,52.44,0.0,-0.42
3.71,5.51,9.59,9.0,0.95,5.73,4.39,534.89,158.13,0.97,265.42,11.07,66.01,52.92,0.0,-0.75
3.8,4.12,11.06,9.0,0.95,4.58,4.16,460.03,98.17,0.8,192.55,10.97,65.53,52.41,0.0,-1.05
2.92,5.51,13.87,9.0,0.59,5.73,4.5,443.88,98.47,0.8,174.34,11.32,65.96,53.67,84.0,4.0
2.34,4.9,13.87,9.0,1.06,5.73,4.36,473.63,105.97,0.87,208.52,11.12,64.74,54.0,0.0,-1.15
3.82,5.51,14.71,9.0,0.95,6.73,4.21,464.69,103.92,0.83,195.92,11.2,65.83,53.44,0.0,-1.26
2.34,5.51,13.87,9.0,0.95,7.94,4.09,457.5,98.46,0.82,189.04,11.23,65.7,53.31,0.0,-1.37
2.34,5.68,10.29,9.0,1.6,5.73,4.39,526.66,119.04,0.95,262.95,10.7,64.53,52.08,0.0,-0.58
3.21,5.51,12.85,9.0,1.84,3.16,4.51,582.86,148.15,0.99,317.54,10.32,65.28,49.72,0.0,0.15
2.34,5.51,13.87,9.0,0.95,2.22,4.81,510.92,130.84,0.91,242.3,10.92,65.65,52.88,0.0,-0.44
2.34,5.51,13.87,9.0,1.97,5.73,4.35,511.61,106.4,0.91,248.74,10.53,64.29,51.49,0.0,-0.49
2.34,5.49,13.87,9.0,0.95,6.35,4.07,466.68,101.77,0.82,195.97,11.19,66.56,53.02,0.0,-1.32
4.17,3.55,13.87,9.0,0.95,5.73,4.52,538.81,160.82,0.97,271.79,10.87,65.33,52.31,0.0,-0.44
2.34,3.51,9.31,9.0,1.73,2.1,4.8,490.17,90.78,0.88,237.8,10.01,61.37,50.27,0.0,0.26
3.91,5.51,13.87,9.0,1.4,5.73,4.36,535.13,133.57,0.93,265.78,10.85,65.99,52.05,0.0,-0.63
2.34,4.15,13.89,9.0,1.35,2.95,4.88,506.52,113.3,0.92,244.8,10.63,63.99,51.93,0.0,-0.16
2.34,5.51,13.87,9.0,1.5,5.73,4.41,510.78,116.57,0.91,246.7,10.84,64.6,52.52,0.0,-0.71
2.34,5.51,13.87,9.0,1.97,5.73,4.35,511.61,106.4,0.91,248.74,10.53,64.29,51.49,0.0,-0.49
4.84,5.51,13.87,9.0,1.97,5.73,4.58,531.41,114.05,0.94,269.61,10.43,64.01,50.84,0.0,-0.14
3.47,2.9,13.87,9.0,1.97,2.55,4.79,630.41,170.33,1.04,371.65,9.8,63.46,48.03,0.0,0.98
2.34,5.51,13.87,9.0,1.97,3.76,4.55,568.78,140.95,1.0,306.6,10.33,64.18,50.2,0.0,0.09
2.8,5.51,13.44,9.0,0.68,5.73,4.37,470.38,117.41,0.84,200.39,11.25,66.13,53.38,40.0,4.0
1.88,5.51,13.87,9.0,1.33,6.33,4.24,468.99,96.87,0.86,204.04,11.0,64.81,53.24,0.0,-1.11
1.88,5.51,14.44,9.0,1.97,5.73,4.28,530.71,129.75,0.95,268.26,10.5,64.19,50.82,0.0,-0.35
2.34,5.51,13.87,9.0,1.97,5.73,4.35,511.61,106.4,0.91,248.74,10.53,64.29,51.49,0.0,-0.49
2.34,5.51,9.64,9.0,1.97,6.07,4.12,468.83,84.1,0.86,210.89,10.53,62.82,51.84,0.0,-0.8
2.39,4.71,10.6,9.0,1.97,5.73,4.57,483.87,84.07,0.87,224.63,10.44,63.17,51.3,0.0,-0.33
2.34,5.28,13.87,9.0,0.56,5.73,4.19,430.1,84.79,0.76,159.17,11.39,66.35,53.77,97.0,4.0
2.08,5.51,4.81,9.0,1.97,5.73,4.88,532.02,125.81,0.96,273.83,10.29,62.86,50.46,0.0,0.27
3.69,5.51,13.87,9.0,0.98,5.73,4.31,518.72,139.86,0.88,244.02,11.02,67.99,50.87,0.0,-0.61
2.34,5.51,14.85,9.0,1.8,4.82,4.08,460.46,77.59,0.82,198.16,10.64,63.95,51.72,0.0,-0.91
4.76,4.71,4.16,9.0,1.97,3.82,4.57,603.81,148.99,1.03,342.72,9.99,63.9,49.3,0.0,0.45
2.39,2.59,14.02,9.0,1.51,7.97,4.58,553.09,142.61,0.99,292.9,10.41,63.72,50.37,0.0,0.05
2.39,4.71,10.6,9.0,1.97,5.73,4.57,483.87,84.07,0.87,224.63,10.44,63.17,51.3,0.0,-0.33
2.69,4.71,5.89,9.0,0.99,6.97,4.17,475.9,108.49,0.85,209.57,11.01,65.14,53.3,0.0,-1.13
2.39,4.71,10.6,9.0,1.97,5.73,4.57,483.87,84.07,0.87,224.63,10.44,63.17,51.3,0.0,-0.33
2.39,4.71,8.06,9.0,1.97,2.08,4.53,608.49,142.9,1.03,348.39,9.92,63.7,48.12,0.0,0.58
3.24,2.75,8.69,9.0,1.97,5.73,4.86,685.78,216.24,1.1,420.3,9.95,65.7,47.16,0.0,1.24
2.39,4.71,10.6,9.0,1.52,2.24,4.59,550.85,136.72,0.99,291.5,10.33,63.4,50.69,0.0,0.04
2.34,4.75,3.9,9.0,0.95,5.73,4.02,436.88,80.55,0.79,175.46,10.92,63.84,53.02,0.0,-1.28
2.34,5.51,13.87,9.0,1.98,7.7,4.34,511.79,107.52,0.91,249.79,10.57,64.06,51.59,0.0,-0.53
1.48,5.51,11.65,9.0,1.93,4.53,4.15,480.18,106.68,0.88,224.55,10.45,62.16,51.57,0.0,-0.6
2.34,5.51,11.03,9.0,0.95,5.92,4.21,445.04,89.27,0.82,178.5,11.19,65.14,54.04,0.0,-1.38
2.34,5.51,13.87,9.0,0.95,5.73,4.06,444.29,89.19,0.81,177.57,11.22,65.23,54.29,0.0,-1.55
2.34,5.51,13.39,9.0,0.95,5.73,4.13,446.2,90.96,0.81,179.32,11.22,65.28,54.22,0.0,-1.48
4.77,4.04,5.24,9.0,0.95,6.64,4.34,502.49,131.61,0.89,236.94,10.87,64.92,52.49,0.0,-0.72
2.34,5.51,13.87,9.0,0.95,5.73,4.06,444.29,89.19,0.81,177.57,11.22,65.23,54.29,0.0,-1.55
4.32,1.84,13.87,9.0,1.01,5.73,4.85,631.64,232.37,1.02,365.37,10.27,65.84,49.03,0.0,0.88
3.42,5.51,6.16,9.0,1.01,7.83,4.37,516.17,138.12,0.91,246.16,11.01,66.03,52.63,0.0,-0.78
2.34,5.51,14.05,9.0,1.35,5.73,4.64,599.01,180.89,1.04,329.31,10.8,66.45,51.54,0.0,-0.13
2.33,5.51,14.84,9.0,0.95,5.73,4.17,460.32,100.3,0.84,192.31,11.21,65.52,53.81,0.0,-1.35
2.55,5.51,4.97,9.0,0.95,5.73,4.29,471.1,106.16,0.86,204.08,11.01,65.31,53.22,0.0,-1.04
2.34,5.51,9.22,9.0,0.95,5.73,4.83,471.25,107.64,0.86,203.71,11.13,65.41,53.73,0.0,-0.75
2.34,5.51,13.24,9.0,0.69,4.36,4.12,449.18,91.96,0.78,175.81,11.26,67.15,52.87,29.0,4.0
3.88,5.51,13.87,9.0,0.95,7.26,4.25,476.29,114.61,0.86,208.39,11.18,65.58,53.53,0.0,-1.18
3.11,3.36,5.44,9.0,0.95,4.87,4.2,458.86,94.25,0.81,195.5,10.77,64.4,52.08,0.0,-0.87
2.34,5.51,8.73,9.0,0.95,7.63,4.14,467.19,102.53,0.83,196.78,11.17,66.15,53.05,0.0,-1.25
3.84,5.51,13.87,9.0,0.95,4.96,4.26,471.92,108.99,0.84,202.23,11.15,66.06,53.22,0.0,-1.14
1.39,4.48,13.87,9.0,1.65,5.73,4.54,536.14,136.24,0.96,272.2,10.62,64.67,51.45,0.0,-0.27
2.34,5.51,7.79,9.0,1.22,6.22,4.69,472.24,99.91,0.87,209.0,10.93,64.31,53.14,0.0,-0.7
2.06,4.91,13.87,9.0,1.79,5.73,4.7,643.83,197.3,1.11,375.8,10.5,66.16,49.68,0.0,0.39
2.73,5.51,13.87,9.0,0.95,4.41,4.34,475.75,110.05,0.85,207.17,11.14,65.68,53.05,0.0,-1.05
1.6,2.62,13.87,9.0,0.95,5.73,4.5,525.54,144.47,0.93,260.85,10.75,64.81,51.89,0.0,-0.4
4.62,4.48,13.33,9.0,1.87,5.73,4.54,596.83,154.12,1.0,330.76,10.4,65.6,49.9,0.0,0.13
1.39,2.94,7.91,9.0,0.83,5.73,4.45,509.7,137.55,0.92,244.75,10.82,64.83,52.65,13.0,4.0
2.96,5.51,12.04,9.0,1.07,5.73,4.23,475.1,107.12,0.86,207.66,11.11,65.4,53.81,0.0,-1.21
1.32,3.4,13.87,9.0,0.95,5.73,4.44,531.69,150.27,0.94,264.29,10.86,65.56,51.76,0.0,-0.47
1.43,4.48,13.87,9.0,1.65,5.73,4.5,519.55,125.61,0.94,257.18,10.64,64.08,51.97,0.0,-0.42
1.42,4.77,13.87,9.0,0.95,7.52,4.39,469.57,108.68,0.84,202.19,11.16,65.4,53.18,0.0,-1.04
1.98,4.48,8.44,9.0,1.65,5.57,4.78,504.82,106.02,0.91,243.53,10.54,63.84,51.61,0.0,-0.18
1.39,4.75,10.17,9.0,1.23,5.73,4.39,517.62,132.67,0.92,249.77,10.9,65.53,52.64,0.0,-0.72
2.34,3.67,13.33,9.0,0.95,7.6,4.7,472.88,109.66,0.85,206.52,11.02,65.12,52.8,0.0,-0.66
2.86,4.48,13.82,9.0,1.25,5.73,4.37,512.84,123.76,0.91,245.26,10.92,65.53,52.62,0.0,-0.78
1.54,5.68,13.33,9.0,1.01,5.73,4.44,459.76,100.17,0.84,192.64,11.18,65.32,53.83,0.0,-1.13
4.62,4.48,13.33,9.0,0.83,5.73,4.24,498.14,136.93,0.89,231.63,11.07,65.12,53.02,0.0,-0.96
4.62,4.85,13.33,9.0,1.87,5.73,4.32,510.3,107.71,0.91,249.19,10.5,63.77,51.59,0.0,-0.5
3.29,4.48,13.33,9.0,1.87,3.09,4.51,539.43,119.64,0.96,279.16,10.22,63.58,50.29,0.0,0.03
2.48,5.51,14.58,9.0,1.54,2.9,4.9,524.13,119.3,0.94,261.11,10.6,64.19,51.79,0.0,-0.09
2.02,1.7,13.87,9.0,1.53,2.39,5.06,723.11,240.92,1.12,456.49,9.51,66.36,44.74,0.0,2.06
4.29,5.68,13.33,9.0,1.01,3.99,4.15,437.95,83.76,0.8,173.37,11.11,64.71,54.08,0.0,-1.41
2.87,3.52,13.33,9.0,1.01,5.73,4.49,531.42,149.85,0.97,264.59,10.86,65.38,52.31,0.0,-0.5
1.71,5.68,6.87,9.0,1.01,5.73,4.26,523.31,144.18,0.93,254.48,11.06,65.78,53.09,0.0,-0.92
1.54,5.68,12.65,9.0,1.01,5.73,4.38,483.89,117.13,0.88,215.07,11.15,65.74,53.54,0.0,-1.05
2.42,5.03,13.33,9.0,1.7,7.66,4.36,516.75,111.97,0.94,254.54,10.68,64.02,52.04,0.0,-0.62
1.54,5.68,13.33,9.0,1.32,5.73,4.21,484.07,113.19,0.86,216.89,10.98,65.37,52.58,0.0,-0.98
4.54,5.68,10.98,9.0,1.22,7.17,4.4,501.22,121.93,0.91,236.11,10.94,64.78,53.42,0.0,-0.87
2.77,4.23,13.33,9.0,1.11,5.73,4.43,494.32,118.11,0.89,227.4,10.96,65.32,52.73,0.0,-0.79
2.34,2.06,13.87,9.0,0.95,5.73,4.84,573.77,179.36,1.01,311.36,10.41,64.44,50.49,0.0,0.39
4.59,4.74,8.6,9.0,0.95,4.94,4.57,513.1,140.63,0.91,244.91,10.92,65.65,52.64,0.0,-0.56
1.29,2.48,8.52,9.0,1.71,5.73,4.71,549.63,132.19,0.97,293.22,10.13,62.79,49.69,0.0,0.36
3.35,5.77,13.87,9.0,0.95,5.73,4.58,570.63,185.09,1.02,298.76,11.04,67.03,52.46,0.0,-0.42
1.32,5.51,5.3,9.0,1.17,3.84,4.3,512.84,140.05,0.93,250.2,10.79,64.13,52.65,0.0,-0.69
2.04,4.47,14.67,9.0,1.71,5.47,4.82,553.33,132.34,0.95,287.31,10.52,65.37,50.4,0.0,0.12
2.27,2.7,13.87,9.0,1.85,3.76,4.65,581.81,142.62,1.01,323.05,10.03,63.47,48.74,0.0,0.53
1.73,5.51,7.36,9.0,0.95,5.01,4.23,501.43,130.34,0.92,234.75,11.05,65.14,53.58,1.0,4.0
2.34,5.51,13.87,9.0,0.95,5.73,4.06,444.29,89.19,0.81,177.57,11.22,65.23,54.29,0.0,-1.55
2.34,5.51,13.87,9.0,0.95,5.73,4.06,444.29,89.19,0.81,177.57,11.22,65.23,54.29,0.0,-1.55
2.51,5.43,13.87,9.0,0.56,7.79,4.19,431.76,88.19,0.76,160.29,11.4,66.55,53.62,95.0,4.0
2.38,5.51,6.28,9.0,1.18,5.73,4.65,488.45,109.38,0.87,221.36,10.92,65.26,52.68,0.0,-0.63
4.62,3.53,3.82,9.0,0.95,5.73,4.3,471.47,107.08,0.85,210.64,10.71,63.86,52.5,0.0,-0.76
2.34,2.37,13.87,9.0,0.95,5.73,4.75,529.66,148.19,0.96,267.96,10.59,64.05,51.83,0.0,-0.08
3.74,5.03,10.89,9.0,0.95,4.75,4.58,476.89,112.83,0.86,209.04,11.04,65.48,53.22,0.0,-0.81
1.54,5.51,13.87,9.0,1.81,2.88,4.66,611.78,194.94,1.06,345.95,10.36,65.59,49.1,0.0,0.51
2.34,5.51,7.63,9.0,0.95,5.73,4.1,463.41,100.8,0.82,194.37,11.14,65.82,53.47,0.0,-1.32
4.98,5.51,13.87,9.0,0.95,5.6,4.36,548.72,168.35,0.94,275.28,11.05,67.71,51.79,0.0,-0.58
1.93,5.51,13.87,9.0,0.95,3.81,4.43,491.17,123.84,0.9,225.2,11.11,65.0,53.9,0.0,-1.0
1.67,4.95,13.87,9.0,1.77,4.11,4.11,477.61,94.75,0.85,215.48,10.54,64.01,51.15,0.0,-0.69
2.34,5.51,13.87,9.0,0.89,5.73,4.6,480.81,117.79,0.87,212.63,11.16,65.57,53.3,0.0,-0.85
4.58,4.49,13.87,9.0,1.03,5.73,4.16,453.91,94.92,0.81,187.64,11.08,65.1,53.12,0.0,-1.22
2.34,5.51,14.64,9.0,0.95,5.73,4.67,479.0,115.12,0.87,211.3,11.17,65.48,53.37,0.0,-0.83
2.34,3.9,14.45,9.0,0.95,4.61,4.36,499.52,125.05,0.89,231.52,10.94,65.68,52.58,0.0,-0.79
2.34,5.51,13.87,9.0,0.95,3.11,4.3,440.79,81.23,0.79,172.41,11.11,65.62,53.37,0.0,-1.22
2.34,5.51,11.03,9.0,1.29,5.73,4.16,482.31,103.04,0.87,216.53,10.97,64.93,52.84,0.0,-1.08
2.34,5.51,13.87,9.0,1.02,4.83,4.79,501.22,126.51,0.9,232.63,11.06,65.72,53.1,0.0,-0.58
2.34,5.51,14.55,9.0,0.51,2.11,4.13,440.76,90.31,0.77,170.1,11.19,66.33,52.92,73.0,4.0
4.15,3.44,11.17,9.0,0.95,2.18,4.7,614.05,212.09,1.04,345.5,10.46,66.24,49.92,0.0,0.45
4.2,5.51,7.07,9.0,0.95,5.73,4.16,449.58,92.71,0.81,183.13,11.09,65.18,53.61,0.0,-1.29
2.34,1.79,13.87,9.0,0.69,7.14,4.67,489.34,127.39,0.88,229.78,10.49,63.59,51.49,32.0,4.0
2.34,5.51,13.87,9.0,0.95,5.73,4.06,444.29,89.19,0.81,177.57,11.22,65.23,54.29,0.0,-1.55
3.28,5.51,12.31,9.0,0.95,3.11,4.04,444.94,87.84,0.8,179.26,11.07,64.91,53.53,0.0,-1.38
2.34,3.19,13.87,9.0,0.95,3.11,4.43,517.36,135.62,0.93,253.49,10.69,64.59,52.1,0.0,-0.48
3.97,2.95,12.64,9.0,0.95,5.25,4.51,573.29,188.67,0.97,304.7,10.63,66.42,50.39,0.0,0.05
2.43,5.51,13.87,9.0,1.14,5.73,4.28,485.08,109.7,0.87,216.64,11.1,65.68,53.42,0.0,-1.11
3.32,5.51,12.0,9.0,0.95,3.11,4.33,517.23,142.01,0.92,249.32,10.93,65.57,52.77,0.0,-0.76
3.94,2.37,13.87,9.0,1.37,3.17,5.62,767.93,313.62,1.24,499.8,9.94,66.67,47.64,0.0,2.18
2.42,4.47,13.87,9.0,1.99,3.11,4.74,608.01,151.78,1.07,346.66,10.15,63.99,49.7,0.0,0.45
1.88,5.51,13.87,9.0,0.54,5.07,4.09,436.99,89.32,0.78,165.55,11.37,66.71,53.47,128.0,4.0
4.1,5.51,13.87,9.0,0.95,5.73,4.62,473.54,111.99,0.86,205.39,11.14,65.56,53.76,0.0,-0.91
2.34,1.61,13.87,9.0,0.95,2.16,4.91,579.86,170.39,0.99,322.72,9.73,62.97,48.57,0.0,1.06
4.99,5.51,14.86,9.0,1.46,5.73,4.47,551.28,145.2,0.98,282.32,10.79,65.92,52.14,0.0,-0.47
1.28,5.57,8.5,9.0,0.91,5.73,4.26,501.71,138.27,0.9,234.77,11.11,65.28,53.39,1.0,4.0
2.34,3.44,13.87,9.0,1.53,6.51,4.66,564.43,147.58,0.99,298.83,10.56,65.11,51.08,0.0,-0.05
2.34,5.51,13.87,9.0,1.09,2.1,4.47,519.77,135.52,0.96,258.46,10.74,63.86,52.73,0.0,-0.55
2.34,5.51,9.41,9.0,0.95,5.73,4.32,474.73,107.28,0.85,204.38,11.13,66.28,52.99,0.0,-1.06
2.34,5.51,11.82,9.0,0.53,5.73,3.98,414.21,75.69,0.76,146.67,11.45,65.37,54.97,107.0,4.0
3.4,5.51,5.53,9.0,0.95,4.04,4.29,508.38,134.05,0.9,242.68,10.92,64.99,53.05,0.0,-0.85
1.88,2.39,13.87,9.0,0.71,5.73,4.43,466.66,110.59,0.85,205.94,10.73,63.83,52.59,36.0,4.0
2.34,3.03,13.87,9.0,0.6,5.73,4.31,447.74,103.42,0.82,185.3,10.97,64.19,53.23,64.0,4.0
3.38,3.14,5.93,9.0,0.95,5.73,4.29,489.18,116.08,0.86,223.55,10.71,64.97,51.54,0.0,-0.61
2.34,4.38,12.91,9.0,0.95,5.73,4.18,453.34,95.57,0.82,187.16,11.1,65.0,53.13,0.0,-1.21
4.92,5.51,4.3,9.0,1.69,5.73,4.63,571.4,144.94,1.0,307.69,10.34,64.57,50.36,0.0,0.14
2.34,4.09,13.48,9.0,0.95,3.11,4.4,482.25,112.9,0.88,217.35,10.91,64.79,53.31,0.0,-0.88
2.34,5.35,7.94,9.0,0.58,5.73,4.05,426.17,81.49,0.77,157.96,11.29,65.57,53.58,78.0,4.0
2.26,3.66,12.78,9.0,0.95,5.05,4.57,521.62,144.09,0.92,254.81,10.89,65.45,52.01,0.0,-0.45
2.34,5.51,13.75,9.0,0.95,5.73,4.23,448.4,92.27,0.83,181.43,11.21,65.3,54.45,0.0,-1.41
3.4,5.51,5.53,9.0,1.69,2.97,4.11,496.26,95.91,0.88,238.8,10.34,62.69,50.91,0.0,-0.53
2.34,4.18,8.58,9.0,1.34,4.04,4.33,465.33,90.72,0.85,206.05,10.67,63.41,52.26,0.0,-0.75
3.4,5.51,5.53,9.0,0.95,7.92,4.31,536.85,158.03,0.96,268.43,10.97,65.66,52.41,0.0,-0.69
4.95,2.92,5.53,9.0,0.95,7.2,4.39,516.08,145.42,0.93,252.85,10.65,64.46,51.66,0.0,-0.39
3.4,5.7,5.53,9.0,0.95,4.04,4.69,487.55,118.92,0.89,222.39,10.96,64.74,53.36,0.0,-0.66
2.47,5.51,8.54,9.0,0.96,3.95,4.23,477.94,107.95,0.85,209.17,11.09,65.73,53.39,0.0,-1.15
2.34,3.65,13.87,9.0,1.5,4.77,4.56,618.61,179.48,1.03,348.61,10.54,66.86,49.7,0.0,0.18
2.05,4.89,13.87,9.0,0.95,5.73,4.49,496.18,125.48,0.89,226.68,11.12,65.92,53.2,0.0,-0.87
3.55,5.66,13.87,9.0,0.51,5.73,4.09,427.65,90.22,0.77,157.76,11.48,66.1,54.64,83.0,4.0
1.91,5.51,13.87,9.0,0.95,7.92,4.3,503.47,132.53,0.9,233.38,11.16,66.21,53.09,0.0,-1.0
2.34,2.98,13.87,9.0,0.95,5.73,4.44,507.06,132.87,0.92,243.96,10.82,64.44,52.71,0.0,-0.63
2.34,2.27,7.13,9.0,1.2,4.25,4.52,529.38,132.91,0.94,272.26,10.22,62.99,50.1,0.0,0.11
2.34,5.51,5.7,9.0,1.21,6.94,4.33,497.75,114.34,0.91,233.39,10.9,64.62,53.1,0.0,-0.89
2.34,3.06,14.66,9.0,0.88,5.73,4.33,478.47,114.46,0.87,214.19,10.9,64.68,52.69,0.0,-0.84
2.34,5.51,13.87,9.0,0.95,5.73,4.06,444.29,89.19,0.81,177.57,11.22,65.23,54.29,0.0,-1.55
3.01,5.51,13.87,9.0,0.95,5.73,4.42,497.37,128.26,0.89,226.82,11.11,66.16,53.07,0.0,-0.89
4.77,5.51,4.34,9.0,0.95,5.73,4.71,545.89,164.77,0.97,276.78,10.86,65.93,52.28,0.0,-0.27
2.15,5.38,10.13,9.0,1.26,6.24,4.79,461.39,93.86,0.85,198.29,10.98,64.28,53.67,0.0,-0.74
3.93,5.22,11.61,9.0,1.37,6.39,4.42,537.48,138.59,0.97,272.2,10.83,64.89,52.6,0.0,-0.62
2.34,2.03,10.18,9.0,0.57,2.11,4.54,457.27,96.53,0.83,201.05,10.16,62.53,51.56,42.0,4.0
2.34,5.51,9.38,9.0,0.95,7.88,4.45,483.63,118.6,0.88,217.38,11.16,65.13,53.97,0.0,-1.05
3.71,5.51,8.98,9.0,1.29,6.3,4.5,545.16,148.77,0.99,279.83,10.83,64.88,52.5,0.0,-0.5
2.34,5.51,9.27,9.0,0.95,5.73,4.16,488.55,118.29,0.87,217.82,11.11,66.27,52.77,0.0,-1.1
4.93,4.32,13.87,9.0,0.95,3.37,4.5,558.05,173.48,0.99,288.59,10.81,66.17,51.84,0.0,-0.31
2.53,4.27,13.87,9.0,0.95,5.35,4.47,517.97,146.87,0.95,253.46,10.96,64.7,53.41,0.0,-0.72
2.34,3.44,13.87,9.0,0.57,3.98,4.27,431.84,85.57,0.77,164.85,11.05,65.32,52.73,56.0,4.0
2.42,5.51,13.87,9.0,0.95,7.5,4.64,480.93,115.57,0.87,212.32,11.17,65.74,53.17,0.0,-0.82
3.02,5.51,7.53,9.0,1.34,5.73,4.2,484.52,104.88,0.87,220.59,10.85,64.54,52.87,0.0,-0.97
2.34,5.51,11.76,9.0,1.12,5.73,4.14,442.2,80.28,0.79,174.72,11.11,65.46,53.19,0.0,-1.32
2.34,2.4,13.87,9.0,1.08,5.91,4.76,546.15,154.65,0.99,284.28,10.56,64.13,51.74,0.0,-0.02
2.99,5.51,13.87,9.0,1.41,5.69,4.59,488.06,105.87,0.87,221.95,10.9,65.09,52.67,0.0,-0.67
4.65,5.51,13.87,9.0,1.47,5.25,4.62,536.45,134.06,0.94,268.17,10.79,65.67,52.24,0.0,-0.42
2.34,3.78,13.87,9.0,1.05,5.73,4.52,489.47,116.96,0.9,223.72,10.94,65.01,53.42,0.0,-0.8
3.81,5.51,13.87,9.0,1.42,6.9,4.62,498.3,111.85,0.9,232.63,10.88,64.98,52.95,0.0,-0.65
2.34,4.61,13.26,9.0,0.95,5.73,4.43,490.26,120.99,0.88,221.62,11.07,65.72,52.94,0.0,-0.87
3.59,5.51,13.87,9.0,0.89,5.73,4.13,467.95,106.38,0.81,195.79,11.2,66.99,52.67,0.0,-1.22
2.24,5.44,7.14,9.0,0.95,2.11,4.34,514.59,136.69,0.93,250.92,10.77,64.43,52.93,0.0,-0.69
4.49,3.92,13.87,9.0,1.73,7.59,4.53,600.53,160.12,1.0,332.37,10.51,66.29,50.13,0.0,0.05
3.31,5.27,7.14,9.0,1.95,6.79,4.37,511.21,100.75,0.91,251.15,10.41,63.51,51.0,0.0,-0.36
3.15,5.44,7.14,9.0,0.95,2.11,4.36,480.57,111.06,0.87,217.1,10.77,64.4,52.49,0.0,-0.73
1.57,5.44,14.16,9.0,0.73,7.76,4.34,441.39,90.89,0.8,172.82,11.31,65.66,53.98,54.0,4.0
2.24,3.86,7.53,9.0,0.82,2.11,4.75,474.44,107.61,0.85,211.7,10.66,64.19,51.87,0.0,-0.3
2.24,3.23,7.14,9.0,0.95,3.53,4.4,495.68,120.65,0.89,233.62,10.64,64.14,51.91,0.0,-0.51
4.95,2.32,7.14,9.0,1.34,2.11,4.83,619.09,190.71,1.01,357.75,9.74,64.4,47.3,0.0,1.22
2.24,5.44,5.24,9.0,0.95,6.33,4.39,540.39,159.38,0.98,271.15,10.95,65.93,52.53,0.0,-0.62
1.3,5.44,7.14,9.0,0.95,8.0,5.02,494.81,128.34,0.89,225.65,11.12,65.84,53.27,0.0,-0.46
1.41,5.51,5.97,9.0,1.29,5.73,4.18,486.15,116.8,0.89,223.7,10.81,64.22,52.47,0.0,-0.87
2.34,5.51,4.98,9.0,0.95,5.13,4.13,463.11,97.56,0.83,195.47,11.05,65.43,53.53,0.0,-1.26
2.34,3.2,13.87,9.0,0.95,2.85,5.03,501.32,126.66,0.93,239.6,10.62,64.02,52.24,0.0,-0.02
4.6,5.51,13.87,9.0,0.95,5.73,4.17,477.87,115.31,0.84,208.1,11.11,66.24,53.01,0.0,-1.13
4.58,5.51,13.59,9.0,0.95,7.61,4.38,533.88,160.91,0.96,264.92,11.09,66.02,52.97,0.0,-0.76
3.14,5.27,13.87,9.0,1.05,5.73,4.42,486.44,119.81,0.87,218.55,11.05,65.53,53.34,0.0,-0.92
4.67,2.72,13.87,9.0,0.95,3.03,4.69,584.93,199.24,1.03,321.51,10.45,64.6,50.66,0.0,0.31
2.71,5.27,7.14,9.0,1.2,5.83,4.41,497.01,119.33,0.91,235.22,10.91,63.95,53.49,0.0,-0.86
2.95,5.51,6.55,9.0,0.95,5.62,4.48,449.76,92.87,0.84,186.1,11.06,64.5,53.8,0.0,-1.05
3.18,5.51,5.73,9.0,0.82,5.73,4.36,498.04,134.87,0.89,230.33,11.03,65.49,53.04,3.0,4.0
3.07,5.2,6.39,9.0,0.95,5.73,4.31,459.49,100.02,0.83,194.15,11.07,64.88,53.66,0.0,-1.14
3.42,5.51,5.13,9.0,1.24,5.73,4.68,516.15,128.88,0.93,249.99,10.79,65.01,52.69,0.0,-0.44
2.34,5.51,13.87,9.0,0.95,5.73,4.06,444.29,89.19,0.81,177.57,11.22,65.23,54.29,0.0,-1.55
2.34,5.21,10.37,9.0,0.95,5.73,4.71,469.13,106.49,0.85,201.35,11.13,65.45,53.52,0.0,-0.82
2.36,5.51,13.87,9.0,1.61,3.6,4.06,449.97,73.7,0.81,189.3,10.66,63.65,51.9,0.0,-0.98
2.11,5.51,4.82,9.0,0.55,5.73,4.29,425.77,81.06,0.77,159.14,11.28,65.19,54.14,76.0,4.0
4.49,5.51,13.87,9.0,1.17,4.04,4.47,522.45,140.3,0.94,256.78,10.85,65.01,52.84,0.0,-0.61
4.55,5.51,4.83,9.0,1.6,4.9,4.41,534.62,125.89,0.96,273.71,10.44,63.64,51.53,0.0,-0.31
3.99,4.65,13.87,9.0,0.95,3.69,4.35,496.27,127.35,0.89,230.18,10.96,65.04,52.65,0.0,-0.81
3.92,5.51,13.87,9.0,1.25,4.92,4.69,556.39,158.42,1.01,289.37,10.89,65.31,52.98,0.0,-0.41
2.34,2.51,9.25,9.0,1.95,7.08,4.94,542.63,117.4,0.96,286.67,10.09,62.7,49.36,0.0,0.54
2.34,1.87,13.87,9.0,1.13,6.49,4.78,563.93,161.67,1.0,302.61,10.32,64.14,50.26,0.0,0.35
2.34,3.93,13.87,9.0,0.95,2.82,4.58,569.06,177.97,1.0,301.85,10.71,65.58,51.4,0.0,-0.11
2.74,5.51,11.01,9.0,0.95,2.54,4.54,447.45,88.73,0.81,183.55,10.96,64.44,53.38,0.0,-0.91
2.34,3.1,14.49,9.0,1.75,5.17,4.59,590.33,151.99,1.01,328.0,10.28,64.41,49.7,0.0,0.26
4.84,3.93,13.87,9.0,0.85,2.82,4.41,521.28,150.15,0.93,254.67,10.79,65.16,52.26,0.0,-0.51
2.34,2.68,10.11,9.0,0.95,2.82,4.69,512.24,134.07,0.92,253.53,10.41,63.34,51.28,0.0,-0.01
2.34,3.93,13.87,9.0,0.95,2.82,4.58,569.06,177.97,1.0,301.85,10.71,65.58,51.4,0.0,-0.11
2.34,3.4,13.87,9.0,0.95,2.82,4.44,487.8,113.15,0.87,222.31,10.72,64.95,51.82,0.0,-0.55
2.34,3.93,13.87,9.0,0.95,2.82,4.58,569.06,177.97,1.0,301.85,10.71,65.58,51.4,0.0,-0.11
1.61,3.93,13.87,9.0,1.95,2.19,4.67,569.76,140.51,1.01,314.93,9.96,62.15,48.69,0.0,0.59
2.34,2.51,13.87,9.0,0.95,2.82,4.67,523.27,141.7,0.95,263.89,10.37,63.49,51.55,0.0,-0.0
3.97,3.93,13.87,9.0,0.95,7.26,4.49,521.15,148.24,0.94,254.34,11.01,65.32,52.95,0.0,-0.68
2.35,1.94,12.01,9.0,0.95,2.82,4.83,565.29,167.91,1.0,307.11,10.07,63.13,49.95,0.0,0.61
2.34,2.4,3.82,9.0,1.11,2.83,4.2,466.93,84.95,0.81,210.39,10.07,62.78,49.5,0.0,-0.17
2.34,2.29,8.47,9.0,1.35,2.82,4.48,499.08,106.09,0.89,245.44,10.02,62.03,50.2,0.0,0.08
1.83,3.93,13.87,9.0,0.95,5.43,4.27,452.66,90.6,0.82,185.51,11.07,65.29,53.38,0.0,-1.18
2.34,3.93,12.66,9.0,0.95,4.02,4.71,477.67,109.82,0.87,211.72,10.94,65.03,53.33,0.0,-0.67
2.05,5.1,13.87,9.0,0.95,6.33,4.21,471.27,108.94,0.85,203.48,11.18,65.58,53.28,0.0,-1.2
2.25,3.93,11.71,9.0,1.72,2.82,4.66,511.87,104.51,0.91,254.48,10.28,62.83,50.54,0.0,0.01
2.34,4.8,13.87,9.0,0.99,4.84,4.44,546.06,163.37,0.98,279.41,10.99,65.21,53.21,0.0,-0.67
2.34,3.84,13.23,9.0,1.08,5.73,4.47,578.82,177.53,0.99,307.79,10.87,67.0,51.36,0.0,-0.3
2.34,5.51,6.83,9.0,0.95,5.73,4.04,443.19,82.76,0.78,173.82,11.13,65.87,52.91,0.0,-1.37
2.34,5.11,6.07,9.0,0.95,7.95,4.12,445.38,89.72,0.81,181.1,11.1,64.68,53.91,0.0,-1.38
2.34,5.51,5.85,9.0,0.72,6.18,4.16,459.8,103.17,0.81,189.34,11.2,66.29,53.09,32.0,4.0
2.34,3.06,13.87,9.0,0.95,3.2,4.73,560.81,167.65,0.98,294.37,10.62,65.54,50.95,0.0,0.07
4.65,5.51,12.96,9.0,0.95,5.24,4.26,495.74,128.99,0.88,227.07,11.1,65.82,52.91,0.0,-0.99
4.15,5.51,13.87,9.0,0.95,5.23,4.57,471.56,111.33,0.85,204.21,11.12,65.36,53.57,0.0,-0.91
2.34,2.92,13.47,9.0,1.43,7.6,4.61,548.53,142.19,0.97,288.0,10.57,63.73,50.96,0.0,-0.1
2.34,4.8,11.49,9.0,0.99,2.4,4.62,454.98,89.12,0.81,189.04,10.83,64.99,52.51,0.0,-0.66
4.98,4.8,13.5,9.0,0.99,4.84,4.63,509.21,135.97,0.91,240.35,10.96,65.79,52.92,0.0,-0.59
2.4,4.8,7.2,9.0,0.99,4.84,4.49,539.43,153.78,0.96,270.01,10.89,66.17,51.99,0.0,-0.47
2.34,5.2,7.95,9.0,0.99,4.15,4.4,511.15,130.91,0.91,242.57,11.0,65.71,53.1,0.0,-0.83
2.51,5.51,13.87,9.0,0.96,4.84,4.78,476.4,111.46,0.87,208.65,11.12,65.45,53.8,0.0,-0.78
2.34,5.32,13.87,9.0,1.82,7.8,4.7,468.23,83.51,0.85,205.84,10.66,64.03,51.79,0.0,-0.43
2.34,5.51,13.83,9.0,0.99,5.52,4.27,448.31,87.62,0.8,179.53,11.19,65.78,53.12,0.0,-1.23
4.75,3.44,6.28,9.0,0.95,7.17,4.49,567.67,183.27,0.99,299.14,10.72,66.41,50.76,0.0,-0.09
2.34,5.51,13.87,9.0,1.85,5.73,4.43,531.38,120.88,0.95,269.58,10.53,63.86,51.85,0.0,-0.41
2.34,5.51,13.87,9.0,0.71,5.73,4.17,463.25,109.15,0.84,194.02,11.25,65.86,53.54,39.0,4.0
3.22,5.51,13.87,9.0,0.95,5.73,4.74,536.14,161.57,0.95,265.66,11.04,66.38,52.78,0.0,-0.43
2.34,1.99,13.67,9.0,1.33,5.84,5.11,549.43,143.97,0.98,292.05,10.25,63.07,50.71,0.0,0.52
2.34,5.51,10.9,9.0,0.95,5.73,4.24,450.47,93.93,0.83,184.36,11.15,65.1,54.03,0.0,-1.31
1.89,5.51,4.2,9.0,0.95,5.73,4.16,473.9,104.74,0.86,206.56,11.04,65.34,53.3,0.0,-1.17
2.56,5.51,4.05,9.0,0.95,7.9,4.19,509.87,133.67,0.91,242.2,11.01,65.53,53.03,0.0,-0.98
1.58,5.51,13.87,9.0,1.85,5.73,4.32,501.21,119.39,0.9,240.7,10.59,63.54,51.63,0.0,-0.51
4.41,5.51,13.87,9.0,1.85,7.86,4.38,497.33,99.85,0.91,237.1,10.62,63.48,52.43,0.0,-0.66
3.01,5.51,4.44,9.0,1.86,6.43,4.13,502.46,97.5,0.89,242.87,10.39,63.31,50.86,0.0,-0.53
2.34,2.9,13.87,9.0,1.85,5.87,4.86,664.99,192.27,1.1,399.54,10.19,65.59,48.61,0.0,0.82
2.34,4.02,13.87,9.0,0.98,6.72,4.11,450.21,91.62,0.82,183.73,11.1,65.13,53.08,0.0,-1.28
2.34,2.96,13.64,9.0,1.85,5.0,4.48,532.63,115.99,0.95,275.96,10.23,62.72,50.19,0.0,-0.01
2.34,5.51,13.87,9.0,0.81,7.54,4.26,478.21,118.98,0.86,209.13,11.24,65.86,53.31,5.0,4.0
3.75,5.51,13.87,9.0,1.24,3.6,4.6,532.73,141.7,0.99,266.83,10.84,64.98,53.03,0.0,-0.52
4.03,2.59,13.87,9.0,0.95,5.88,4.74,621.76,226.09,1.04,351.71,10.57,66.72,49.74,0.0,0.49
4.82,3.32,13.87,9.0,1.39,5.45,5.2,755.88,309.64,1.22,482.57,10.37,67.9,49.01,0.0,1.41
2.34,3.01,12.55,9.0,1.89,5.73,4.43,532.13,114.68,0.95,275.6,10.24,62.71,50.27,0.0,-0.07
1.92,4.06,13.87,9.0,0.95,5.73,4.62,516.55,141.74,0.92,248.24,11.02,65.8,52.62,0.0,-0.57
2.14,5.51,6.07,9.0,1.91,6.78,4.05,477.1,91.6,0.86,220.22,10.45,62.58,51.33,0.0,-0.71
2.52,3.05,13.87,9.0,0.95,5.73,4.41,515.76,139.08,0.93,251.19,10.79,64.83,52.15,0.0,-0.55
2.96,5.51,5.1,9.0,0.95,5.73,4.64,501.71,129.64,0.89,233.11,10.98,65.73,53.1,0.0,-0.64
4.28,5.51,12.69,9.0,1.65,5.73,5.07,648.55,198.83,1.05,377.28,10.56,67.18,49.26,0.0,0.7
2.96,5.51,4.03,9.0,0.88,5.73,4.11,461.7,101.81,0.84,196.47,11.04,64.86,53.71,0.0,-1.27
2.76,3.75,5.1,9.0,0.95,5.73,4.49,505.73,131.4,0.91,242.06,10.8,64.55,52.52,0.0,-0.57
2.31,3.46,10.5,9.0,1.8,5.73,4.62,575.52,141.53,1.02,314.09,10.29,64.07,49.97,0.0,0.2
2.96,5.51,5.1,9.0,0.95,5.73,4.64,501.71,129.64,0.89,233.11,10.98,65.73,53.1,0.0,-0.64
3.0,5.64,8.11,9.0,0.95,6.52,4.2,464.22,103.31,0.84,196.71,11.15,65.4,53.64,0.0,-1.26
2.34,1.59,13.87,9.0,0.95,6.53,4.75,594.8,192.12,1.0,332.59,10.13,64.68,48.73,0.0,0.75
2.96,2.09,9.73,9.0,1.32,5.73,4.65,546.04,143.64,0.97,286.35,10.24,63.67,50.15,0.0,0.24
1.94,3.25,5.93,9.0,0.95,5.73,4.4,461.16,95.4,0.83,197.96,10.78,64.45,52.36,0.0,-0.75
2.46,5.51,12.49,9.0,0.95,6.02,4.05,453.82,92.49,0.81,183.69,11.17,66.09,53.04,0.0,-1.36
3.39,5.51,13.87,9.0,0.95,5.73,4.37,489.63,125.01,0.86,221.6,11.15,65.54,53.41,0.0,-1.01
2.34,3.38,13.87,9.0,1.73,5.73,4.39,520.42,111.91,0.92,260.04,10.43,63.67,50.79,0.0,-0.29
2.14,5.51,13.87,9.0,0.95,5.73,4.46,551.44,169.89,0.99,281.23,11.08,66.3,52.78,0.0,-0.64
2.34,5.51,13.87,9.0,0.97,4.93,4.29,474.97,110.11,0.87,207.97,11.12,65.3,53.35,0.0,-1.11
4.83,3.0,13.87,9.0,1.78,7.03,4.84,660.42,207.96,1.08,392.02,10.3,66.45,49.04,0.0,0.75
2.34,5.57,13.87,9.0,0.95,5.73,4.25,475.0,108.85,0.85,204.61,11.15,66.39,52.97,0.0,-1.12
2.88,5.51,12.14,9.0,0.77,4.56,4.68,453.47,101.62,0.82,185.79,11.17,65.47,53.49,5.0,4.0
4.07,1.47,13.87,9.0,0.95,2.9,5.34,714.42,298.68,1.17,452.77,9.67,64.62,47.53,19.0,4.0
3.37,5.51,13.87,9.0,1.4,5.73,4.35,491.96,109.8,0.88,227.46,10.89,64.66,53.1,0.0,-0.89
4.42,3.21,13.22,9.0,0.95,5.73,4.6,570.93,186.85,0.98,301.45,10.75,66.46,51.29,0.0,-0.07
2.34,5.51,13.87,9.0,0.95,4.23,4.15,443.79,88.6,0.81,177.8,11.15,65.09,53.95,0.0,-1.39
2.34,5.51,11.86,9.0,1.38,3.81,4.52,547.78,143.19,1.0,284.14,10.76,64.4,52.51,0.0,-0.47
2.34,5.51,5.52,9.0,0.95,7.0,4.27,463.14,100.43,0.85,196.99,11.09,65.06,53.76,0.0,-1.19
2.3,5.51,13.87,9.0,1.65,3.97,4.32,546.02,126.95,0.96,280.84,10.59,65.0,50.84,0.0,-0.39
2.34,3.63,7.95,9.0,0.95,5.73,4.51,505.77,131.45,0.92,240.63,10.87,64.87,52.8,0.0,-0.63
2.34,5.51,11.86,9.0,1.38,6.65,4.23,501.57,111.79,0.89,234.67,10.92,65.3,52.56,0.0,-0.93
1.8,5.51,13.87,9.0,0.96,4.32,4.38,491.12,122.69,0.89,223.67,11.14,65.38,53.33,0.0,-1.0
4.44,3.52,6.95,9.0,0.63,5.9,4.21,467.21,115.94,0.82,199.01,11.03,65.6,52.76,22.0,4.0
2.34,4.68,12.2,9.0,1.26,4.19,4.63,566.78,163.61,1.03,302.32,10.75,64.63,52.21,0.0,-0.26
4.59,5.51,10.91,9.0,1.38,7.72,4.36,508.51,120.69,0.91,241.8,10.92,65.28,52.97,0.0,-0.84
2.34,5.51,11.86,9.0,1.38,6.55,4.43,539.52,139.69,0.97,273.2,10.88,65.19,52.8,0.0,-0.66
2.95,1.55,14.71,9.0,0.95,2.34,5.06,644.76,230.04,1.06,385.49,9.71,63.71,47.75,0.0,1.53
2.34,2.44,12.5,9.0,1.09,4.29,4.86,661.91,233.66,1.1,393.36,10.38,66.4,49.21,0.0,0.8
1.65,3.83,13.87,9.0,0.67,5.73,4.91,429.56,82.3,0.79,163.31,11.18,64.97,54.34,61.0,4.0
2.34,5.02,13.87,9.0,0.87,5.73,4.25,459.4,103.01,0.84,192.0,11.2,65.35,54.07,0.0,-1.3
2.72,5.51,5.96,9.0,1.63,5.73,4.35,528.14,121.23,0.93,263.98,10.56,64.6,51.0,0.0,-0.39
2.98,2.68,13.87,9.0,0.84,4.51,4.45,519.16,150.2,0.93,256.59,10.66,64.32,51.78,0.0,-0.34
2.34,4.7,14.32,9.0,0.83,5.73,4.3,472.7,113.31,0.87,205.6,11.18,65.24,53.67,0.0,-1.16
2.49,2.05,13.87,9.0,1.79,5.73,5.35,693.08,217.73,1.15,429.21,9.94,65.5,47.41,0.0,1.6
2.34,5.57,13.87,9.0,0.95,2.17,4.18,460.38,95.23,0.83,194.39,10.93,65.05,52.71,0.0,-1.06
2.34,3.98,9.66,9.0,0.73,5.73,4.33,468.99,111.77,0.85,201.39,11.1,65.41,52.95,21.0,4.0
2.6,2.68,12.21,9.0,0.84,4.51,4.55,537.9,161.37,0.98,274.49,10.67,64.54,51.98,3.0,4.0
2.05,2.22,5.55,9.0,0.84,7.98,5.34,514.52,139.25,0.93,254.16,10.48,63.73,51.45,1.0,4.0
2.98,1.46,7.68,9.0,0.84,7.21,5.3,742.77,323.78,1.19,477.28,9.94,66.09,47.22,0.0,2.02
2.98,5.0,13.87,9.0,0.84,4.51,4.43,502.32,136.89,0.89,233.25,11.09,65.99,52.55,0.0,-0.77
3.11,2.08,10.93,9.0,1.45,5.25,5.06,727.56,269.99,1.16,459.65,10.02,66.66,47.31,0.0,1.55
2.98,2.68,13.87,9.0,0.73,4.51,4.61,540.68,175.1,0.98,278.04,10.67,64.33,51.65,16.0,4.0
1.31,2.68,8.9,9.0,1.47,4.81,4.44,536.08,129.3,0.95,277.33,10.33,63.41,50.12,0.0,-0.04
4.55,2.54,12.56,9.0,1.08,4.51,4.69,594.04,197.58,1.03,328.47,10.51,65.54,50.62,0.0,0.27
2.34,5.51,5.4,9.0,1.64,4.38,4.05,457.6,77.08,0.82,200.0,10.53,62.83,51.54,0.0,-0.85
2.34,4.33,12.06,9.0,0.95,5.73,4.14,440.08,82.6,0.8,173.03,11.12,65.27,53.37,0.0,-1.34
4.89,5.69,11.08,9.0,0.95,7.0,5.06,595.91,214.59,1.12,326.67,10.93,66.02,52.9,0.0,0.09
3.27,5.51,8.57,9.0,0.95,3.42,4.35,503.22,127.53,0.89,232.7,10.96,66.4,52.31,0.0,-0.77
2.34,5.51,13.87,9.0,1.31,5.38,4.77,462.88,90.25,0.84,196.96,10.96,64.95,52.95,0.0,-0.67
4.97,2.69,13.87,9.0,0.95,5.73,4.81,615.76,227.4,1.08,347.37,10.58,66.24,50.76,0.0,0.43
2.34,4.93,14.29,9.0,0.95,5.73,4.26,477.64,112.95,0.87,210.6,11.13,65.19,53.46,0.0,-1.14
3.99,4.97,13.87,9.0,1.58,5.73,4.57,568.09,152.29,1.0,302.77,10.67,64.95,51.65,0.0,-0.23
3.88,1.52,13.87,9.0,1.71,5.38,5.79,874.16,347.26,1.22,603.93,9.57,67.43,44.98,0.0,3.0
2.34,5.51,13.87,9.0,1.31,5.68,4.38,485.61,104.48,0.86,216.34,10.99,65.91,52.65,0.0,-0.9
3.16,5.51,14.97,9.0,0.89,2.45,4.39,496.96,130.86,0.89,231.1,10.97,65.0,52.9,0.0,-0.8
2.34,5.51,3.97,9.0,1.64,5.38,4.67,495.87,96.88,0.89,235.29,10.46,63.57,51.15,0.0,-0.2
2.34,5.51,13.87,9.0,1.31,5.38,4.77,462.88,90.25,0.84,196.96,10.96,64.95,52.95,0.0,-0.67
3.19,5.51,7.29,9.0,1.29,7.98,4.18,486.82,107.6,0.86,221.4,10.93,64.9,52.92,0.0,-1.03
2.05,5.51,5.53,9.0,1.31,5.38,4.19,475.06,97.34,0.87,213.24,10.82,63.93,52.93,0.0,-1.0
4.04,5.51,13.87,9.0,0.71,5.38,4.27,457.36,110.98,0.83,190.49,11.26,65.17,54.32,9.0,4.0
4.04,5.27,13.87,9.0,0.71,2.14,4.41,460.3,107.8,0.85,195.3,10.98,64.67,53.85,0.0,-1.0
4.6,3.18,11.52,9.0,0.71,4.06,4.39,491.2,140.51,0.91,230.58,10.79,63.71,53.09,6.0,4.0
2.88,4.09,13.87,9.0,1.81,5.38,4.42,528.22,115.32,0.93,266.11,10.47,64.05,50.85,0.0,-0.28
1.7,3.81,14.01,9.0,0.71,4.54,4.79,446.88,92.9,0.81,179.16,11.08,65.37,53.17,40.0,4.0
3.87,5.51,14.4,9.0,1.69,5.82,4.67,635.06,186.84,1.07,366.14,10.57,66.32,50.74,0.0,0.16
4.04,4.36,13.87,9.0,0.71,5.38,4.3,490.31,134.31,0.87,220.29,11.15,66.08,53.19,4.0,4.0
3.62,2.64,13.87,9.0,0.87,5.38,4.72,624.7,230.09,1.02,354.04,10.63,67.07,49.57,0.0,0.48
4.13,5.51,13.84,9.0,1.64,5.38,4.49,545.23,127.6,0.97,281.91,10.64,64.44,51.97,0.0,-0.42
2.89,4.43,13.87,9.0,1.53,5.73,4.52,513.85,118.67,0.93,251.59,10.69,64.11,52.11,0.0,-0.48
2.2,3.99,13.87,9.0,0.95,5.92,4.99,509.88,136.28,0.92,242.12,10.99,65.44,52.96,0.0,-0.33
3.24,5.51,13.87,9.0,0.95,5.73,4.74,499.17,132.77,0.89,231.84,11.1,65.39,53.18,0.0,-0.63
2.59,3.29,4.15,9.0,1.78,5.73,4.24,514.99,102.09,0.91,259.98,10.14,62.2,49.43,0.0,-0.1
1.45,5.51,13.87,9.0,0.95,5.73,4.3,495.58,129.38,0.91,228.17,11.19,65.38,54.09,0.0,-1.15
2.34,3.22,10.98,9.0,1.03,5.38,4.79,549.24,161.92,1.01,284.97,10.76,64.7,52.46,0.0,-0.18
3.45,3.19,10.44,9.0,1.45,5.73,4.92,635.79,200.56,1.05,367.51,10.45,66.43,49.38,0.0,0.64
1.32,1.7,11.52,9.0,0.95,5.73,5.02,594.87,190.85,1.06,335.0,10.15,64.05,49.4,0.0,0.87
4.78,5.51,7.3,9.0,1.86,5.73,4.68,542.65,123.32,0.95,280.67,10.39,64.04,50.82,0.0,0.0
3.47,4.12,13.87,9.0,0.95,2.88,4.31,487.78,119.77,0.87,223.44,10.85,64.69,52.62,0.0,-0.8
1.3,2.43,13.87,9.0,0.95,4.69,4.56,485.73,113.82,0.89,225.41,10.59,63.69,51.76,0.0,-0.36
4.53,4.32,13.87,9.0,0.95,6.12,4.51,536.99,161.75,0.96,269.26,10.95,65.77,52.71,0.0,-0.54
3.61,3.82,12.0,9.0,0.95,6.37,4.69,495.6,128.32,0.89,228.7,10.94,65.32,52.73,0.0,-0.54
2.34,2.3,12.83,9.0,0.95,5.73,4.88,591.05,195.99,1.05,327.64,10.49,64.72,50.79,0.0,0.4
2.34,5.51,14.58,9.0,0.95,5.73,4.67,479.01,115.12,0.87,211.31,11.17,65.48,53.37,0.0,-0.83
2.34,5.51,14.07,9.0,0.95,5.73,4.35,504.71,132.4,0.9,234.32,11.13,66.21,53.09,0.0,-0.94
4.0,5.51,6.55,9.0,0.95,5.73,4.12,466.54,104.22,0.84,200.62,11.06,65.05,53.47,0.0,-1.24
2.34,5.51,14.07,9.0,0.95,5.73,4.35,504.71,132.4,0.9,234.32,11.13,66.21,53.09,0.0,-0.94
2.34,5.51,13.87,9.0,1.86,7.34,4.44,539.39,125.1,0.95,275.75,10.59,64.36,51.53,0.0,-0.38
2.34,5.51,6.36,9.0,1.27,5.74,4.28,482.17,104.55,0.88,218.85,10.85,64.39,52.8,0.0,-0.9
1.55,2.63,13.87,9.0,0.65,2.59,4.3,451.23,91.87,0.8,189.56,10.6,63.97,51.54,44.0,4.0
2.87,5.51,13.87,9.0,0.95,3.91,4.25,501.43,130.82,0.91,233.85,11.07,65.39,53.24,0.0,-1.01
2.34,5.51,13.87,9.0,1.04,7.21,4.25,464.93,101.96,0.86,198.54,11.18,65.17,54.1,0.0,-1.3
2.34,5.51,8.74,9.0,0.9,5.73,4.6,459.77,101.25,0.83,192.86,11.15,65.18,53.64,0.0,-0.96
2.34,5.51,13.87,9.0,0.95,5.73,4.06,444.29,89.19,0.81,177.57,11.22,65.23,54.29,0.0,-1.55
4.63,2.66,13.87,9.0,0.95,5.73,4.64,576.33,194.89,0.99,310.43,10.61,65.61,50.86,0.0,0.13
2.34,3.02,13.87,9.0,0.96,5.73,4.39,492.84,121.92,0.89,229.97,10.79,64.34,52.4,0.0,-0.66
4.36,4.32,6.79,9.0,0.95,5.73,4.36,500.38,127.53,0.88,232.34,10.93,65.62,52.67,0.0,-0.78
1.95,3.24,8.46,9.0,0.95,5.73,4.53,503.82,131.38,0.91,239.06,10.79,64.8,52.51,0.0,-0.53
2.34,2.62,13.5,9.0,1.69,3.99,4.57,511.09,105.05,0.9,254.06,10.18,62.87,50.06,0.0,0.06
3.34,5.4,13.87,9.0,1.81,2.71,4.44,523.55,112.19,0.94,264.36,10.33,63.14,50.96,0.0,-0.21
4.68,3.02,13.87,9.0,0.95,3.43,4.64,530.87,157.5,0.95,267.53,10.59,64.5,51.93,0.0,-0.14
2.63,5.51,10.65,9.0,0.95,5.73,4.27,468.08,103.85,0.83,198.48,11.13,65.94,52.99,0.0,-1.11
2.34,5.51,6.61,9.0,1.74,5.73,4.63,480.94,90.17,0.87,222.58,10.55,62.96,51.94,0.0,-0.4
4.16,1.86,13.87,9.0,1.07,5.73,5.16,795.11,353.8,1.18,517.12,10.1,69.45,46.15,0.0,2.07
1.4,5.51,13.87,9.0,0.95,3.26,4.47,510.27,138.79,0.93,243.03,11.05,65.26,53.32,1.0,4.0
2.34,5.51,13.87,9.0,0.95,5.73,4.06,444.29,89.19,0.81,177.57,11.22,65.23,54.29,0.0,-1.55
4.04,5.51,13.87,9.0,0.95,5.73,4.47,534.44,159.05,0.95,264.14,11.08,66.15,53.22,0.0,-0.72
3.27,2.85,9.52,9.0,0.95,5.73,4.83,620.21,220.62,1.04,350.3,10.62,66.9,50.04,0.0,0.47
2.34,3.09,13.87,9.0,1.51,5.73,4.75,563.88,146.53,1.02,305.47,10.48,63.28,51.17,0.0,0.06
2.34,5.51,13.87,9.0,0.59,5.73,4.18,421.1,77.37,0.75,150.74,11.43,66.09,54.32,62.0,4.0
3.24,2.31,13.87,9.0,0.95,5.73,4.72,551.67,167.89,0.96,286.94,10.54,65.24,50.65,0.0,0.15
3.49,2.91,13.87,9.0,1.03,5.73,5.16,622.41,220.06,1.09,353.37,10.64,66.52,50.66,0.0,0.64
2.34,2.76,9.91,9.0,0.95,5.73,4.46,513.96,135.69,0.93,251.19,10.71,64.38,52.23,0.0,-0.48
2.19,5.51,4.12,9.0,0.82,5.73,4.21,466.45,106.3,0.85,200.73,11.06,64.99,53.15,2.0,4.0
2.34,5.62,13.87,9.0,0.95,5.73,4.54,516.39,145.19,0.94,249.14,11.18,65.33,53.77,0.0,-0.86
2.02,5.51,13.87,9.0,0.95,5.73,4.43,472.78,108.71,0.86,204.24,11.21,65.64,53.66,0.0,-1.1
2.34,2.4,5.77,9.0,1.93,7.76,5.02,601.91,146.15,1.02,342.23,9.93,63.85,48.35,0.0,0.94
1.81,3.84,11.59,9.0,1.95,7.78,5.16,554.24,125.52,0.97,290.25,10.37,64.66,50.34,0.0,0.45
2.81,4.36,10.01,9.0,0.95,5.73,4.32,486.83,118.99,0.88,220.87,11.02,64.99,53.22,0.0,-0.97
1.94,3.57,13.87,9.0,0.95,4.2,4.3,492.36,120.8,0.88,226.55,10.88,65.01,52.09,0.0,-0.76
3.4,4.79,13.1,9.0,0.95,5.73,4.39,462.44,104.55,0.84,196.31,11.13,65.06,53.87,0.0,-1.12
2.34,5.51,13.87,9.0,0.95,5.73,4.06,444.29,89.19,0.81,177.57,11.22,65.23,54.29,0.0,-1.55
2.34,5.55,13.87,9.0,0.95,7.49,4.83,470.09,108.28,0.85,201.33,11.16,65.76,53.18,0.0,-0.7
4.37,5.51,13.87,9.0,0.85,5.73,4.45,528.57,160.76,0.93,257.43,11.12,66.49,52.82,0.0,-0.71
2.34,2.5,4.65,9.0,1.47,5.73,4.34,514.88,113.84,0.91,258.89,10.16,62.62,50.0,0.0,-0.06
1.42,4.98,13.87,9.0,1.55,7.49,4.53,527.77,137.67,0.93,261.9,10.82,65.08,52.02,0.0,-0.46
2.34,4.26,13.87,9.0,1.66,5.82,4.37,506.88,105.75,0.91,245.41,10.63,63.94,51.77,0.0,-0.57
2.27,5.55,3.9,9.0,0.95,7.49,4.38,522.23,146.29,0.95,255.41,10.97,65.27,52.91,0.0,-0.74
2.34,5.52,13.87,9.0,1.93,5.73,4.7,634.08,186.87,1.07,368.02,10.41,65.56,49.54,0.0,0.42
2.34,5.55,11.68,9.0,0.95,7.49,4.63,517.68,145.2,0.95,250.14,11.17,65.44,54.25,0.0,-0.84
2.34,2.51,7.34,9.0,0.95,2.34,4.53,509.5,127.11,0.9,252.18,10.2,62.98,50.79,0.0,0.03
2.34,5.55,13.87,9.0,0.62,4.56,4.17,429.61,83.3,0.78,160.26,11.31,65.83,53.67,66.0,4.0
2.34,5.52,13.87,9.0,0.95,5.73,4.11,454.73,96.14,0.83,187.93,11.18,65.24,53.98,0.0,-1.42
2.34,4.87,12.32,9.0,0.95,2.89,4.4,525.39,144.9,0.94,258.77,10.9,65.15,52.63,0.0,-0.66
2.34,5.51,13.87,9.0,0.95,4.2,4.26,460.72,97.74,0.82,191.23,11.12,65.93,53.04,0.0,-1.14
2.93,5.51,13.87,9.0,1.65,2.55,4.38,511.55,109.55,0.91,249.9,10.48,63.82,51.24,0.0,-0.39
2.84,3.98,7.81,9.0,0.53,5.73,4.16,434.2,89.9,0.77,166.44,11.16,65.47,53.18,104.0,4.0
2.34,5.51,13.87,9.0,0.95,5.73,4.06,444.29,89.19,0.81,177.57,11.22,65.23,54.29,0.0,-1.55
3.06,3.06,4.18,9.0,0.95,5.83,4.8,509.28,132.49,0.9,246.06,10.64,64.45,51.43,0.0,-0.09
2.34,3.08,3.9,9.0,0.95,5.68,4.33,481.14,109.87,0.87,221.24,10.62,63.62,51.8,0.0,-0.58
1.33,5.51,13.87,9.0,0.95,5.73,4.47,515.86,145.43,0.92,245.99,11.14,66.03,53.08,0.0,-0.8
2.34,5.51,13.87,9.0,0.95,5.73,4.06,444.29,89.19,0.81,177.57,11.22,65.23,54.29,0.0,-1.55
4.9,5.33,8.92,9.0,1.58,5.73,4.46,548.84,139.44,0.98,285.38,10.6,64.48,51.87,0.0,-0.35
4.85,5.51,13.87,9.0,1.69,5.66,4.6,625.26,188.08,1.05,357.15,10.51,66.26,50.26,0.0,0.2
1.87,5.51,13.87,9.0,0.95,5.88,4.27,504.53,135.15,0.91,236.89,11.16,65.48,53.33,0.0,-1.04
2.34,3.65,13.87,9.0,0.95,2.83,4.63,552.01,164.64,0.98,286.08,10.71,65.1,51.56,0.0,-0.15
1.44,5.24,13.87,9.0,0.52,5.73,4.12,410.41,72.25,0.76,144.29,11.46,65.02,55.01,115.0,4.0
2.34,5.58,8.18,9.0,0.95,5.73,4.25,464.28,99.69,0.84,195.25,11.16,65.8,53.55,0.0,-1.23
2.34,5.51,11.8,9.0,0.83,5.73,4.31,449.55,95.62,0.81,181.72,11.22,65.47,53.47,2.0,4.0
4.9,5.33,11.19,9.0,1.58,3.68,4.25,513.18,110.49,0.9,248.71,10.6,64.65,51.68,0.0,-0.61
3.95,2.3,7.21,9.0,1.58,5.73,4.97,629.28,189.42,0.99,364.98,10.04,65.51,47.94,0.0,1.06
1.82,3.21,4.77,9.0,1.58,5.73,4.29,479.02,90.34,0.87,225.04,10.3,61.84,51.01,0.0,-0.4
1.88,5.4,9.72,9.0,1.58,7.41,4.51,532.98,135.36,0.95,268.08,10.75,64.81,51.96,0.0,-0.44
3.83,5.33,9.52,9.0,0.5,5.73,4.01,430.0,91.86,0.77,160.69,11.36,66.06,53.7,89.0,4.0
4.9,5.33,13.86,9.0,1.14,5.73,4.35,486.68,116.94,0.89,221.98,11.0,64.82,53.74,0.0,-1.0
4.9,5.33,14.59,9.0,0.73,5.73,4.33,509.19,151.33,0.92,238.76,11.18,66.4,53.23,7.0,4.0
4.9,2.43,14.79,9.0,1.79,5.47,5.26,708.68,240.63,1.14,439.13,10.02,66.98,47.53,0.0,1.56
3.71,5.33,13.86,9.0,1.14,5.82,4.23,489.2,117.54,0.88,221.96,11.04,65.37,53.43,0.0,-1.08
4.9,5.33,13.86,9.0,1.14,7.79,4.36,489.3,117.85,0.89,223.64,11.1,65.04,54.4,0.0,-1.13
2.34,5.51,7.88,9.0,0.95,7.03,4.47,543.1,161.9,0.99,273.45,11.05,65.98,52.87,0.0,-0.65
2.34,5.51,13.84,9.0,0.95,4.05,4.21,457.13,95.49,0.82,189.06,11.13,65.55,53.43,0.0,-1.25
2.34,5.33,9.4,9.0,1.05,5.73,4.0,445.4,82.51,0.78,176.53,11.11,65.78,52.68,0.0,-1.36
4.58,5.51,13.87,9.0,0.95,3.58,4.37,483.13,118.56,0.87,216.25,11.03,65.26,53.28,0.0,-0.95
1.31,5.33,13.86,9.0,1.14,5.99,4.3,518.07,145.9,0.93,250.55,11.05,65.51,52.86,0.0,-0.85
4.9,4.56,13.86,9.0,0.66,5.01,4.49,466.78,120.43,0.87,200.0,11.19,65.2,54.74,11.0,4.0
2.36,5.51,3.78,9.0,1.3,5.73,4.6,503.04,112.86,0.89,238.42,10.69,64.64,51.98,0.0,-0.43
4.58,4.06,13.87,9.0,0.53,3.58,4.17,444.84,103.36,0.8,177.59,11.12,65.33,53.41,37.0,4.0
4.96,3.03,13.28,9.0,0.63,3.93,4.6,509.56,155.87,0.92,244.61,10.75,64.9,51.91,20.0,4.0
2.34,5.37,13.87,9.0,0.84,3.58,4.63,443.13,90.39,0.82,177.65,11.16,64.86,54.4,0.0,-1.08
4.58,2.99,13.87,9.0,1.32,5.73,4.86,570.17,166.06,0.99,304.64,10.59,65.11,51.13,0.0,0.16
2.34,2.17,13.87,9.0,0.95,3.58,4.68,556.58,163.69,0.98,294.17,10.36,64.42,50.66,0.0,0.21
2.34,1.78,13.87,9.0,0.95,4.58,4.92,583.97,184.44,1.02,322.97,10.16,64.3,49.61,0.0,0.73
4.15,5.51,13.87,9.0,0.95,5.73,4.2,466.93,105.6,0.83,197.2,11.17,66.04,53.2,0.0,-1.21
3.29,2.62,7.37,9.0,1.95,5.73,4.78,657.87,190.86,1.05,394.79,9.93,64.76,47.7,0.0,1.02
2.41,5.51,5.37,9.0,1.9,6.2,4.68,482.33,90.03,0.88,226.13,10.4,62.43,51.2,0.0,-0.18
2.34,1.95,13.87,9.0,0.95,2.96,4.9,561.3,167.58,1.01,303.18,10.15,63.13,50.39,0.0,0.56
2.34,3.49,13.87,9.0,0.61,5.73,4.25,434.1,89.1,0.78,167.65,11.12,65.15,53.39,64.0,4.0
3.5,5.51,13.86,9.0,0.95,6.86,4.21,514.13,139.45,0.89,241.48,11.13,67.23,52.37,0.0,-0.94
2.34,5.51,10.28,9.0,0.54,5.73,4.08,419.86,78.42,0.76,150.99,11.43,65.66,54.23,102.0,4.0
2.34,5.51,13.87,9.0,1.2,3.66,4.3,476.05,99.82,0.86,209.77,10.96,65.09,53.1,0.0,-1.01
2.34,5.51,6.1,9.0,1.09,3.19,4.5,509.09,129.51,0.92,245.44,10.81,64.47,52.79,0.0,-0.6
4.73,5.51,13.87,9.0,0.95,4.91,4.29,506.41,135.49,0.89,236.4,11.07,66.09,52.85,0.0,-0.91
2.34,3.6,13.87,9.0,1.93,5.73,4.66,591.37,140.79,1.0,326.25,10.3,65.04,50.03,0.0,0.21
3.2,5.51,11.58,9.0,0.95,7.48,4.13,483.14,118.38,0.85,213.22,11.18,66.13,53.04,0.0,-1.2
2.34,5.51,9.79,9.0,1.95,6.2,4.34,540.37,127.42,0.97,280.07,10.44,63.54,51.24,0.0,-0.32
2.34,2.46,8.04,9.0,0.73,7.05,5.02,520.12,153.71,0.94,258.33,10.66,64.1,51.79,28.0,4.0
3.87,4.55,5.21,9.0,0.95,5.73,4.28,463.97,100.03,0.83,198.17,10.98,64.96,53.3,0.0,-1.06
2.34,5.51,13.87,9.0,1.81,5.73,4.34,494.59,99.49,0.9,235.83,10.62,63.13,52.14,0.0,-0.66
3.51,3.83,13.87,9.0,0.95,3.84,5.21,590.19,201.18,1.06,322.31,10.73,65.89,51.67,0.0,0.43
2.12,5.58,13.87,9.0,0.95,5.73,4.31,486.09,119.05,0.88,216.6,11.19,65.94,53.28,0.0,-1.09
2.34,5.51,13.87,9.0,0.95,2.95,4.4,479.57,110.04,0.86,210.74,11.02,65.7,53.09,0.0,-0.93
2.34,5.47,13.49,9.0,0.92,4.91,4.15,471.7,106.54,0.83,201.44,11.12,66.44,52.64,0.0,-1.15
4.73,2.04,13.87,9.0,0.95,5.73,4.82,620.79,230.32,1.02,354.12,10.41,65.85,49.48,0.0,0.7
2.34,3.96,11.34,9.0,1.84,7.59,4.82,488.3,93.99,0.89,229.34,10.49,63.34,51.36,0.0,-0.14
2.34,5.51,13.87,9.0,1.5,6.95,4.27,506.99,117.81,0.94,246.72,10.8,63.62,52.88,0.0,-0.84
4.38,5.51,13.99,9.0,0.95,5.73,4.21,471.51,111.2,0.84,203.77,11.15,65.46,53.55,0.0,-1.21
2.34,5.51,13.87,9.0,1.0,4.92,4.09,445.79,87.28,0.8,178.11,11.16,65.43,53.33,0.0,-1.38
2.34,2.99,13.87,9.0,1.7,2.95,4.74,620.41,170.11,1.03,357.47,10.1,64.69,48.59,0.0,0.69
3.46,5.51,11.21,9.0,0.93,2.95,4.23,492.62,122.48,0.88,223.26,10.95,66.09,52.49,0.0,-0.89
1.37,5.51,7.91,9.0,0.95,5.75,4.48,503.59,137.29,0.92,238.0,11.07,64.93,53.67,0.0,-0.85
4.98,5.51,8.68,9.0,0.95,2.95,4.29,489.35,120.32,0.87,222.69,10.91,65.22,52.92,0.0,-0.88
4.61,4.94,13.87,9.0,0.57,2.95,4.38,472.29,122.33,0.83,201.46,11.13,66.33,53.01,33.0,4.0
1.57,4.82,11.0,9.0,0.95,2.34,4.99,498.43,125.04,0.91,233.56,10.85,64.75,53.0,0.0,-0.29
3.76,5.51,13.87,9.0,0.95,2.21,5.87,835.83,411.82,1.34,558.62,10.46,68.97,48.85,0.0,2.31
2.95,5.51,13.87,9.0,1.16,2.95,4.28,475.74,99.07,0.83,206.79,10.92,65.82,52.55,0.0,-0.94
3.46,4.16,5.81,9.0,0.93,2.95,4.33,498.11,126.12,0.9,235.52,10.7,64.19,52.58,0.0,-0.66
3.07,3.77,11.21,9.0,0.93,5.23,4.21,471.67,109.31,0.86,206.48,10.98,64.88,53.53,0.0,-1.11
1.56,5.51,13.94,9.0,1.26,5.73,4.3,548.46,159.57,0.97,279.56,10.94,66.19,51.82,0.0,-0.6
2.82,3.76,12.54,9.0,0.94,4.73,4.48,532.42,153.44,0.96,264.95,10.89,65.38,52.64,0.0,-0.55
4.95,3.4,13.87,9.0,1.85,4.06,4.48,559.74,133.95,0.96,300.13,10.18,63.51,49.67,0.0,0.16
3.46,5.51,12.56,9.0,0.93,3.75,4.72,475.61,114.82,0.86,210.23,11.08,64.81,54.16,0.0,-0.83
3.46,2.49,11.21,9.0,0.95,4.95,4.73,549.49,165.13,0.93,283.5,10.57,65.62,50.84,0.0,0.1
2.34,5.51,11.54,9.0,0.94,2.95,4.34,464.71,100.2,0.85,198.2,11.05,65.09,53.29,0.0,-1.06
1.56,5.51,5.42,9.0,0.88,5.73,4.24,478.57,115.07,0.87,212.15,11.08,65.18,53.29,0.0,-1.09
1.56,5.51,6.28,9.0,1.04,5.73,4.29,520.4,142.25,0.93,253.02,10.96,65.43,52.4,0.0,-0.76
1.56,5.51,13.94,9.0,1.26,5.73,4.3,548.46,159.57,0.97,279.56,10.94,66.19,51.82,0.0,-0.6
1.56,2.03,13.53,9.0,1.26,5.73,4.5,548.13,141.81,0.95,287.23,10.27,64.14,49.44,0.0,0.18
3.09,5.51,13.94,9.0,0.88,4.57,4.28,487.05,126.4,0.88,220.73,11.17,65.1,54.14,0.0,-1.17
4.3,5.51,13.94,9.0,1.78,5.73,4.54,491.49,96.29,0.88,230.51,10.58,63.74,52.17,0.0,-0.49
3.07,3.57,13.94,9.0,1.26,7.01,4.47,491.32,111.8,0.88,226.07,10.85,64.87,52.71,0.0,-0.72
1.56,3.07,12.8,9.0,1.26,5.73,4.56,504.18,120.44,0.91,242.65,10.68,64.02,52.13,0.0,-0.44
4.19,5.51,4.26,9.0,0.78,3.71,4.17,482.41,116.96,0.82,211.37,10.92,67.14,51.22,0.0,-0.79
1.74,3.31,13.87,9.0,1.26,4.68,4.59,537.21,141.98,0.97,274.03,10.66,64.47,51.54,0.0,-0.24
1.56,1.97,12.8,9.0,1.34,6.97,5.1,645.36,218.49,1.09,379.61,10.14,65.49,48.56,0.0,1.15
4.46,3.07,13.12,9.0,1.26,5.73,4.67,637.07,214.45,1.04,366.14,10.53,67.21,49.14,0.0,0.49
2.34,4.66,12.8,9.0,1.86,5.73,4.76,471.85,83.7,0.85,212.56,10.51,63.27,51.47,0.0,-0.25
1.56,3.07,13.41,9.0,0.95,4.08,4.5,478.52,109.17,0.86,214.62,10.76,64.6,52.17,0.0,-0.58
2.34,3.04,10.14,9.0,0.95,3.44,4.39,512.42,132.99,0.92,248.89,10.65,64.51,51.7,0.0,-0.45
2.01,5.51,7.68,9.0,0.76,3.19,4.53,441.69,87.28,0.8,175.55,11.1,65.06,53.64,17.0,4.0
3.59,3.96,13.87,9.0,0.95,5.73,4.68,463.84,106.51,0.85,199.3,10.99,64.71,53.82,0.0,-0.8
2.34,5.68,13.87,9.0,0.54,2.99,4.79,426.38,83.55,0.79,159.04,11.32,65.23,54.91,75.0,4.0
2.34,4.35,8.78,9.0,0.65,4.14,4.45,439.14,88.93,0.77,171.37,11.16,65.46,52.92,45.0,4.0
2.34,5.51,10.15,9.0,0.95,2.66,4.41,522.8,140.69,0.93,254.14,10.93,65.75,52.67,0.0,-0.69
2.34,5.18,13.87,9.0,0.95,7.24,4.74,502.08,132.64,0.91,233.11,11.14,65.82,53.3,0.0,-0.67
2.34,1.61,13.87,9.0,0.95,5.73,4.99,617.02,215.13,1.07,357.2,10.14,63.98,49.78,0.0,0.9
2.34,5.51,13.87,9.0,0.95,3.46,4.91,497.2,124.35,0.89,227.65,11.04,65.94,53.01,0.0,-0.48
4.54,5.51,13.87,9.0,0.95,6.73,4.36,513.19,142.99,0.92,244.93,11.1,65.67,53.27,0.0,-0.89
2.34,2.37,13.87,9.0,0.95,5.73,4.75,529.66,148.19,0.96,267.96,10.59,64.05,51.83,0.0,-0.08
2.34,5.51,14.3,9.0,0.95,4.83,4.52,527.98,149.6,0.94,257.94,11.08,66.04,52.93,0.0,-0.69
2.34,5.47,3.83,9.0,1.47,7.64,4.1,468.23,88.58,0.84,206.21,10.69,64.01,52.04,0.0,-0.92
4.8,5.51,12.65,9.0,1.75,5.73,4.41,548.22,129.21,0.97,285.46,10.55,64.26,51.31,0.0,-0.34
3.01,4.62,11.51,9.0,1.48,4.62,4.28,482.6,99.13,0.86,219.68,10.69,64.24,51.9,0.0,-0.72
2.34,5.51,5.55,9.0,0.95,5.73,4.7,460.72,95.02,0.83,191.22,11.07,65.95,53.21,0.0,-0.8
2.34,1.84,10.76,9.0,0.95,5.73,4.89,590.21,190.41,1.03,328.11,10.25,64.65,49.7,0.0,0.67
2.34,1.62,12.71,9.0,1.12,5.73,5.04,632.07,211.35,1.07,370.49,10.04,64.53,48.77,0.0,1.11
2.34,3.74,5.38,9.0,0.95,5.38,4.09,444.58,84.56,0.8,183.05,10.86,63.98,52.85,0.0,-1.15
2.34,2.37,13.87,9.0,0.95,3.16,4.66,517.47,136.03,0.93,257.53,10.41,63.62,51.45,0.0,-0.05
2.34,2.37,13.87,9.0,0.95,5.73,4.75,529.66,148.19,0.96,267.96,10.59,64.05,51.83,0.0,-0.08
3.13,3.1,13.87,9.0,0.95,7.42,4.79,492.4,127.7,0.89,229.29,10.86,64.42,52.78,0.0,-0.42
1.49,2.37,13.87,9.0,0.95,4.69,4.53,520.19,139.35,0.93,258.43,10.59,64.1,51.73,0.0,-0.28
2.43,2.37,13.87,9.0,0.57,5.73,4.37,461.63,110.05,0.81,198.39,10.77,64.67,51.55,74.0,4.0
2.34,4.85,7.48,9.0,1.27,5.73,4.3,508.26,119.32,0.92,242.96,10.86,64.79,52.74,0.0,-0.83
4.74,2.37,14.54,9.0,1.17,6.82,4.88,621.39,223.56,1.06,357.8,10.43,65.06,50.32,0.0,0.61
3.9,3.47,13.87,9.0,0.55,5.37,4.51,443.08,102.44,0.8,176.88,11.08,65.08,53.8,54.0,4.0
3.62,5.51,9.31,9.0,0.95,5.73,4.4,485.25,121.68,0.88,219.44,11.12,65.02,54.01,0.0,-1.05
3.51,3.85,13.15,9.0,1.52,4.3,4.39,507.22,113.5,0.91,246.99,10.58,63.63,51.71,0.0,-0.49
2.68,2.38,7.53,9.0,0.95,2.02,4.57,520.21,130.59,0.9,261.9,10.05,63.24,49.71,0.0,0.29
2.34,3.73,13.87,9.0,0.95,7.14,4.61,540.75,160.15,0.98,273.67,10.95,65.46,52.54,0.0,-0.45
4.84,3.04,13.87,9.0,1.18,7.23,4.68,604.77,200.01,1.05,335.28,10.63,66.61,50.69,0.0,0.19
2.34,2.44,13.87,9.0,0.95,7.2,4.58,537.8,155.08,0.96,274.48,10.66,64.53,51.52,0.0,-0.19
2.34,5.51,13.6,9.0,0.95,7.95,4.37,460.01,101.94,0.84,193.21,11.19,65.21,53.79,0.0,-1.17
1.34,5.59,13.35,9.0,0.95,3.27,4.26,496.46,127.68,0.88,226.86,11.05,65.93,52.81,0.0,-0.95
3.54,3.51,11.8,9.0,0.87,5.41,4.45,509.88,144.0,0.9,243.78,10.88,65.12,52.5,0.0,-0.59
2.34,2.53,11.11,9.0,0.95,5.73,4.79,548.88,162.92,0.99,286.16,10.58,64.45,51.45,0.0,0.06
2.34,5.51,13.87,9.0,1.5,6.58,4.41,545.44,136.43,0.96,278.47,10.81,65.33,51.99,0.0,-0.55
2.34,2.0,7.46,9.0,0.95,4.46,4.67,586.22,183.72,1.01,322.41,10.22,65.15,49.2,0.0,0.55
1.75,5.51,13.87,9.0,0.95,3.88,4.17,484.27,116.56,0.86,215.61,11.1,65.72,52.88,0.0,-1.11
3.01,2.39,7.51,9.0,1.71,7.57,4.89,660.2,208.08,1.08,397.9,10.04,64.54,48.12,0.0,1.06
2.65,1.63,13.87,9.0,1.78,3.42,5.03,669.75,205.59,1.11,412.44,9.53,63.42,46.52,0.0,1.66
3.33,5.51,13.87,9.0,0.95,5.73,4.69,507.26,140.33,0.9,239.1,11.05,65.68,52.97,0.0,-0.58
2.34,5.51,13.51,9.0,0.95,5.73,4.31,486.01,119.47,0.87,217.69,11.15,65.6,53.32,0.0,-1.07
2.34,1.49,5.0,9.0,1.5,5.73,5.35,657.3,203.29,1.08,399.95,9.52,63.7,46.11,0.0,1.96
1.57,5.51,13.87,9.0,1.19,6.31,4.42,487.43,117.2,0.89,219.99,11.11,65.39,53.44,0.0,-0.98
2.34,4.13,13.87,9.0,1.5,6.19,4.48,502.53,111.26,0.92,242.46,10.74,63.62,52.39,0.0,-0.6
2.55,5.75,11.84,9.0,1.44,5.77,4.47,537.81,129.3,0.94,268.3,10.85,66.16,51.76,0.0,-0.53
2.61,5.51,5.16,9.0,1.02,4.75,4.24,451.07,90.17,0.84,188.1,11.01,64.23,54.05,0.0,-1.24
2.34,2.58,13.87,9.0,1.17,5.76,4.78,611.08,193.91,1.05,342.41,10.52,66.45,50.35,0.0,0.35
2.34,5.01,14.17,9.0,0.95,5.73,4.67,478.11,113.69,0.86,210.14,11.13,65.6,53.24,0.0,-0.79
2.34,3.17,7.23,9.0,1.77,5.97,4.5,588.78,144.79,1.0,326.91,10.23,64.26,49.35,0.0,0.23
1.91,5.51,11.64,9.0,1.01,4.39,4.28,463.1,99.19,0.84,196.11,11.11,65.31,53.39,0.0,-1.16
1.26,5.51,13.67,9.0,1.33,5.73,4.33,527.96,150.49,0.95,260.24,10.94,65.51,52.61,0.0,-0.71
3.94,5.51,13.87,9.0,0.95,5.25,4.38,493.04,128.1,0.91,226.79,11.09,65.09,53.73,0.0,-0.99
2.0,1.58,8.76,9.0,1.42,5.73,5.06,665.01,218.6,1.11,405.16,9.78,64.2,47.33,0.0,1.49
2.34,5.51,4.07,9.0,0.95,5.73,4.33,498.47,125.33,0.91,231.75,10.98,65.16,53.23,0.0,-0.91
4.68,5.51,13.87,9.0,0.95,6.22,4.51,558.08,175.52,1.01,286.64,11.07,66.61,52.81,0.0,-0.57
2.99,4.17,14.73,9.0,1.33,5.73,4.27,493.2,111.76,0.89,229.15,10.87,64.63,52.65,0.0,-0.88
1.26,2.75,13.67,9.0,1.01,5.73,4.59,508.21,126.25,0.89,242.3,10.75,65.4,51.34,0.0,-0.34
1.26,5.51,11.03,9.0,1.18,5.73,4.99,474.58,112.5,0.87,208.33,11.04,65.12,53.41,0.0,-0.51
1.26,4.94,11.02,9.0,1.33,5.73,5.02,522.36,140.18,0.92,254.27,10.86,65.61,52.03,0.0,-0.1
1.26,5.51,11.26,9.0,0.7,3.44,4.2,428.36,80.31,0.78,162.09,11.25,65.03,53.92,41.0,4.0
2.81,5.51,13.67,9.0,1.33,5.73,4.61,476.41,102.57,0.86,210.07,10.93,65.19,52.79,0.0,-0.71
4.23,5.51,13.67,9.0,1.33,5.73,4.19,473.43,98.12,0.84,207.31,10.94,65.11,52.97,0.0,-1.08
4.58,5.41,9.78,9.0,1.33,4.99,4.21,498.3,112.93,0.89,232.79,10.85,64.94,52.84,0.0,-0.93
2.99,4.4,14.73,9.0,0.75,5.73,4.39,517.58,153.62,0.93,247.5,11.09,66.19,52.82,11.0,4.0
4.18,5.36,9.73,9.0,1.76,5.73,4.43,587.13,148.21,0.98,319.43,10.47,65.97,49.86,0.0,-0.02
2.99,5.24,4.29,9.0,1.33,5.73,4.52,486.81,102.12,0.87,223.22,10.7,64.36,52.12,0.0,-0.55
2.32,2.32,14.73,9.0,1.33,6.29,4.87,561.22,155.64,1.01,300.94,10.4,63.74,51.06,0.0,0.25
2.99,4.17,14.73,9.0,1.43,3.35,4.25,499.3,109.21,0.88,235.65,10.65,64.53,51.5,0.0,-0.63
2.99,5.48,9.11,9.0,1.57,5.73,4.73,495.84,105.02,0.88,231.31,10.7,64.73,51.89,0.0,-0.35
1.56,4.8,14.73,9.0,1.33,7.38,4.32,486.12,108.24,0.87,219.06,10.96,65.37,52.47,0.0,-0.89
2.28,3.71,9.66,9.0,1.51,5.73,4.69,547.04,139.36,1.0,286.44,10.5,63.74,51.54,0.0,-0.08
4.4,5.51,13.87,9.0,0.78,4.5,4.29,473.32,119.33,0.85,206.06,11.18,65.35,53.65,0.0,-1.14
3.16,4.12,11.49,9.0,1.73,7.63,4.45,560.6,141.52,0.99,296.15,10.5,64.84,50.82,0.0,-0.17
1.45,4.24,13.87,9.0,1.5,5.73,4.46,509.84,121.77,0.93,251.08,10.7,63.3,52.11,0.0,-0.52
2.34,5.51,13.29,9.0,1.5,5.73,4.31,509.3,115.42,0.91,245.39,10.81,64.47,52.37,0.0,-0.76
1.56,4.68,13.87,9.0,0.95,5.73,4.23,484.46,118.08,0.88,216.99,11.15,65.33,53.3,0.0,-1.13
4.73,5.12,13.03,9.0,0.95,2.83,4.38,494.07,125.52,0.9,229.69,10.9,64.62,53.11,0.0,-0.81
2.34,1.73,8.91,9.0,1.05,5.73,4.76,557.16,158.68,0.98,298.98,10.15,63.4,49.77,0.0,0.49
2.34,5.51,10.63,9.0,0.74,5.73,4.18,447.38,97.72,0.81,180.48,11.22,65.21,53.37,22.0,4.0
2.34,4.41,4.8,9.0,1.09,5.73,4.15,465.3,96.99,0.84,203.23,10.86,64.04,52.72,0.0,-1.03
2.34,5.51,13.87,9.0,1.32,4.86,4.82,489.69,109.06,0.88,223.54,10.94,65.07,53.02,0.0,-0.55
2.34,5.51,12.12,9.0,1.77,6.18,4.18,486.87,94.03,0.87,224.05,10.65,64.16,51.65,0.0,-0.76
3.22,5.51,13.75,9.0,1.95,3.27,4.59,505.99,98.71,0.9,248.11,10.33,62.8,50.88,0.0,-0.14
2.34,5.51,13.87,9.0,1.63,7.82,4.57,537.95,126.37,0.96,273.31,10.75,64.69,51.92,0.0,-0.42
2.34,5.51,13.87,9.0,0.95,7.9,4.29,470.5,109.43,0.85,202.91,11.19,65.45,53.46,0.0,-1.17
3.21,2.5,13.87,9.0,0.95,5.73,4.64,584.53,192.87,1.0,316.72,10.56,66.24,49.86,0.0,0.27
2.34,5.51,13.87,9.0,0.95,7.39,4.34,498.04,126.35,0.9,228.06,11.19,66.05,53.38,0.0,-1.05
1.88,3.13,13.87,9.0,1.51,5.73,4.73,560.25,148.27,1.0,298.57,10.51,64.09,50.89,0.0,0.06
2.34,3.71,13.68,9.0,1.1,3.62,4.26,479.11,104.19,0.85,213.54,10.78,65.04,51.9,0.0,-0.77
2.1,4.15,10.16,9.0,1.51,7.82,4.32,521.56,121.57,0.91,255.77,10.74,65.04,51.72,0.0,-0.61
2.28,4.86,13.87,9.0,0.95,4.35,4.43,490.04,124.25,0.89,225.25,11.08,64.73,53.55,0.0,-0.94
4.08,5.51,4.3,9.0,0.95,5.73,4.21,506.57,130.8,0.9,239.09,10.96,65.48,52.96,0.0,-0.94
3.69,5.0,10.14,9.0,0.73,5.73,4.29,479.23,123.8,0.85,209.89,11.15,65.77,53.21,7.0,4.0
2.34,5.2,12.85,9.0,1.61,5.44,4.42,525.89,120.5,0.94,261.54,10.7,64.64,51.94,0.0,-0.53
2.28,3.71,13.87,9.0,1.51,5.73,4.35,486.77,99.53,0.87,224.41,10.67,64.18,51.73,0.0,-0.63
2.28,4.41,9.66,9.0,1.51,4.6,4.31,523.36,120.98,0.92,259.86,10.6,64.46,51.3,0.0,-0.48
3.57,2.43,9.95,9.0,1.33,6.3,4.86,589.66,179.36,1.03,328.32,10.36,64.03,50.68,0.0,0.41
1.61,4.32,9.8,9.0,1.39,5.73,4.27,503.32,110.74,0.88,236.23,10.81,65.31,51.78,0.0,-0.74
2.32,3.71,13.99,9.0,1.51,5.73,4.36,513.2,115.49,0.91,249.82,10.62,64.39,51.57,0.0,-0.51
2.28,3.71,9.66,9.0,1.3,5.73,4.61,580.65,167.66,1.04,315.21,10.65,65.05,51.43,0.0,-0.1
2.28,5.14,9.66,9.0,1.81,3.03,4.21,521.57,108.36,0.92,262.27,10.36,63.27,50.78,0.0,-0.4
1.71,2.34,12.16,9.0,1.51,5.83,4.88,600.62,172.46,1.05,339.91,10.22,64.04,49.41,0.0,0.64
3.38,5.43,4.83,9.0,0.83,5.73,4.13,480.46,117.45,0.84,211.84,11.08,65.71,53.0,0.0,-1.13
3.47,5.71,6.09,9.0,0.95,5.73,4.13,463.92,100.77,0.83,196.52,11.08,65.42,53.22,0.0,-1.23
2.34,5.51,13.87,9.0,0.95,3.38,4.98,500.56,127.48,0.9,231.05,11.03,66.01,52.92,0.0,-0.39
4.19,4.33,13.87,9.0,0.95,5.73,4.37,510.35,137.4,0.91,242.46,10.98,65.79,52.65,0.0,-0.76
2.28,5.51,13.04,9.0,1.81,3.37,4.48,516.45,117.55,0.94,259.46,10.43,62.61,51.69,0.0,-0.3
2.28,2.96,9.09,9.0,0.95,5.73,4.95,505.73,130.19,0.92,242.3,10.76,64.52,52.89,0.0,-0.23
2.34,5.14,13.87,9.0,1.81,5.5,4.26,531.7,113.67,0.93,267.23,10.56,64.73,51.02,0.0,-0.49
2.34,2.51,13.87,9.0,1.62,5.73,4.9,658.26,204.0,1.09,391.08,10.18,66.27,48.41,0.0,0.93
2.34,5.51,4.98,9.0,0.95,5.73,4.28,481.05,114.46,0.89,215.82,11.03,64.8,53.65,0.0,-1.08
1.7,2.98,13.87,9.0,0.95,2.87,4.48,486.13,112.92,0.88,224.39,10.58,64.04,51.97,0.0,-0.45
2.34,4.09,4.28,9.0,1.8,4.31,4.33,525.91,106.87,0.93,269.9,10.19,62.35,50.15,0.0,-0.13
2.34,5.51,13.87,9.0,0.95,5.73,4.06,444.29,89.19,0.81,177.57,11.22,65.23,54.29,0.0,-1.55
2.34,5.51,6.35,9.0,0.95,2.28,4.6,493.96,118.19,0.87,227.34,10.8,65.13,52.35,0.0,-0.52
2.34,5.51,13.87,9.0,1.19,5.73,4.37,512.51,128.74,0.93,246.43,10.99,65.06,53.49,0.0,-0.9
1.65,5.51,13.87,9.0,1.16,5.73,4.43,530.85,147.35,0.95,262.07,11.05,65.78,52.97,0.0,-0.76
2.34,5.51,6.61,9.0,0.95,7.86,4.2,457.5,95.11,0.81,188.01,11.15,65.93,52.92,0.0,-1.21
2.41,5.51,13.87,9.0,1.07,5.73,4.37,483.28,112.65,0.87,215.32,11.1,65.59,53.19,0.0,-1.0
2.34,5.51,6.61,9.0,0.95,7.86,4.2,457.5,95.11,0.81,188.01,11.15,65.93,52.92,0.0,-1.21
4.7,5.51,6.61,9.0,0.95,7.86,4.33,517.86,146.45,0.92,249.31,11.02,65.7,53.01,0.0,-0.82
2.34,5.51,6.53,9.0,1.28,3.46,4.92,528.78,131.23,0.94,263.73,10.69,64.7,52.15,0.0,-0.12
1.74,5.51,9.13,9.0,0.95,7.86,4.4,528.82,155.37,0.98,261.54,11.11,65.34,53.44,0.0,-0.84
1.8,4.63,6.61,9.0,1.92,2.5,4.91,542.47,125.76,0.97,287.23,10.02,61.99,49.69,0.0,0.56
1.27,5.51,6.61,9.0,0.75,7.86,4.04,445.49,91.72,0.81,176.71,11.24,65.81,53.58,31.0,4.0
2.34,5.51,6.61,9.0,0.95,7.86,4.2,457.5,95.11,0.81,188.01,11.15,65.93,52.92,0.0,-1.21
2.38,5.51,6.61,9.0,1.97,7.86,4.79,540.63,123.91,0.96,279.46,10.4,63.87,50.42,0.0,0.13
3.43,5.51,6.61,9.0,1.33,3.51,4.29,487.93,106.67,0.88,226.89,10.69,63.86,52.41,0.0,-0.74
2.81,5.51,13.87,9.0,0.95,6.21,4.03,452.77,95.46,0.81,184.66,11.22,65.51,53.65,0.0,-1.47
4.7,2.22,6.61,9.0,0.95,6.24,4.78,596.97,211.0,1.03,334.28,10.36,64.71,50.37,0.0,0.52
2.93,5.73,7.15,9.0,1.0,7.86,4.34,534.44,155.63,0.96,264.55,11.08,66.02,52.93,0.0,-0.81
4.55,5.51,6.75,9.0,0.95,7.47,4.25,467.3,104.59,0.83,199.22,11.1,65.69,52.81,0.0,-1.08
4.82,5.51,13.87,9.0,0.95,5.73,4.37,510.44,141.85,0.92,242.21,11.08,65.64,53.06,0.0,-0.85
4.7,4.67,7.79,9.0,0.93,5.73,4.25,458.2,101.89,0.84,192.88,11.08,64.93,54.11,0.0,-1.24
4.4,5.51,9.32,9.0,0.95,7.28,4.28,459.09,102.24,0.83,193.46,11.13,64.99,53.87,0.0,-1.22
2.34,5.51,4.5,9.0,1.16,5.77,4.13,474.95,99.64,0.86,209.54,10.92,64.89,53.02,0.0,-1.11
2.34,5.51,12.22,9.0,1.08,7.76,4.2,457.08,91.29,0.82,187.49,11.16,65.97,53.38,0.0,-1.28
4.27,5.51,13.87,9.0,0.97,5.73,4.21,464.18,105.2,0.82,196.34,11.13,65.6,53.4,0.0,-1.2
2.34,2.85,13.87,9.0,0.95,3.13,4.54,526.82,144.36,0.93,261.97,10.59,64.96,51.15,0.0,-0.18
2.78,3.49,6.41,9.0,1.64,5.73,4.2,505.91,105.04,0.9,249.31,10.36,62.74,51.03,0.0,-0.45
2.34,4.24,10.95,9.0,1.59,5.73,4.38,549.15,134.12,0.96,283.79,10.6,64.95,51.08,0.0,-0.34
3.56,5.51,14.39,9.0,0.95,5.73,4.23,467.35,108.39,0.83,200.53,11.18,65.18,53.59,0.0,-1.23
2.34,2.55,13.87,9.0,1.0,3.88,4.78,531.15,148.25,0.98,272.67,10.49,63.32,52.16,0.0,-0.04
2.34,5.51,6.31,9.0,0.95,5.73,4.19,463.63,99.6,0.82,195.36,11.11,65.63,53.31,0.0,-1.22
2.43,4.9,9.72,9.0,1.84,5.73,4.31,501.76,96.07,0.9,240.89,10.5,63.59,51.47,0.0,-0.54
3.07,2.35,13.87,9.0,0.6,5.73,4.45,476.27,123.82,0.85,212.67,10.75,64.75,51.7,46.0,4.0
2.56,5.51,13.87,9.0,1.09,3.78,4.08,458.28,90.19,0.81,189.1,11.05,65.85,53.04,0.0,-1.27
2.23,2.42,13.87,9.0,0.95,3.02,4.53,482.94,114.5,0.88,226.22,10.41,62.86,51.75,0.0,-0.27
2.34,5.51,5.81,9.0,0.95,5.73,4.26,497.59,127.11,0.9,230.73,11.03,65.3,53.18,0.0,-0.98
2.34,5.51,11.28,9.0,0.95,5.73,4.15,438.13,84.48,0.81,172.35,11.2,65.03,54.09,0.0,-1.46
2.34,5.51,13.87,9.0,0.95,5.73,4.06,444.29,89.19,0.81,177.57,11.22,65.23,54.29,0.0,-1.55
2.23,4.36,13.87,9.0,0.95,6.99,4.39,501.17,130.1,0.89,232.64,11.07,65.73,52.7,0.0,-0.84
2.29,5.17,10.37,9.0,0.97,4.38,4.39,501.1,129.69,0.91,234.79,11.01,65.13,53.2,0.0,-0.86
1.25,2.88,13.87,9.0,1.94,5.73,4.65,559.7,128.62,1.01,303.52,10.17,62.73,49.6,0.0,0.29
2.33,5.51,9.77,9.0,0.95,3.02,4.29,507.89,130.42,0.9,238.9,10.99,65.81,52.87,0.0,-0.89
2.34,5.51,13.87,9.0,0.95,5.73,4.06,444.29,89.19,0.81,177.57,11.22,65.23,54.29,0.0,-1.55
2.32,5.05,13.87,9.0,0.95,3.02,4.16,470.58,105.58,0.84,204.5,11.01,65.06,52.83,0.0,-1.1
3.2,2.42,7.4,9.0,0.95,3.02,4.5,510.02,131.3,0.92,252.5,10.28,63.07,51.15,0.0,-0.07
3.57,2.23,6.11,9.0,1.17,3.7,4.65,587.47,177.41,0.97,325.9,10.1,64.51,48.88,0.0,0.62
2.78,3.91,13.87,9.0,0.95,3.02,4.32,452.65,91.13,0.82,188.48,10.86,64.65,53.3,0.0,-1.0
2.23,2.42,5.02,9.0,0.95,3.74,4.44,488.29,111.09,0.87,230.26,10.33,63.2,50.91,0.0,-0.21
2.23,5.06,10.49,9.0,0.95,3.02,4.47,489.47,121.37,0.9,225.45,10.96,64.53,53.59,0.0,-0.85
2.23,2.6,13.87,9.0,0.95,2.77,4.93,473.35,104.75,0.86,215.65,10.45,63.09,51.84,0.0,-0.04
4.76,2.42,13.87,9.0,0.97,3.88,5.0,593.26,205.37,1.0,327.69,10.39,65.62,49.66,0.0,0.73
2.78,2.42,9.55,9.0,1.75,3.02,4.76,569.77,139.01,1.0,315.05,9.86,62.34,48.83,0.0,0.7
3.24,2.42,13.87,9.0,0.95,3.02,4.62,535.44,152.49,0.94,272.59,10.39,64.47,50.44,0.0,0.12
2.23,2.54,13.87,9.0,0.95,6.97,4.82,567.62,176.96,0.99,301.05,10.67,65.72,50.83,0.0,0.16
2.34,5.51,7.0,9.0,1.46,5.73,4.4,534.34,129.57,0.95,269.96,10.75,64.7,51.82,0.0,-0.53
3.32,5.51,5.07,9.0,0.95,3.71,4.14,468.44,102.24,0.84,202.63,10.94,64.97,52.97,0.0,-1.1
4.56,5.51,11.5,9.0,1.15,3.25,4.33,496.68,115.97,0.87,229.54,10.88,65.33,52.65,0.0,-0.82
1.32,1.91,13.87,9.0,0.96,5.73,4.79,552.09,162.16,1.01,293.52,10.36,63.34,51.08,1.0,4.0
2.34,5.51,13.87,9.0,0.95,7.36,4.4,501.9,131.89,0.92,233.67,11.2,65.57,53.83,0.0,-1.04
3.56,2.86,13.87,9.0,1.47,5.73,5.68,675.38,232.3,1.1,406.51,10.32,66.71,48.58,0.0,1.54
2.34,2.11,5.37,9.0,1.1,5.73,4.52,539.92,144.03,0.95,280.83,10.25,63.46,49.96,0.0,0.16
2.34,5.51,6.93,9.0,0.95,3.96,4.27,475.69,107.43,0.85,207.91,11.05,65.48,53.47,0.0,-1.1
2.18,5.51,12.12,9.0,0.95,5.97,4.36,483.44,118.94,0.89,216.3,11.18,65.33,54.12,0.0,-1.15
4.73,5.51,7.52,9.0,0.95,3.96,4.19,488.59,120.56,0.86,220.47,10.99,65.56,53.0,0.0,-1.02
1.32,5.61,13.87,9.0,0.95,5.92,4.65,463.64,106.34,0.85,195.09,11.17,65.69,53.29,0.0,-0.87
4.18,5.51,4.2,9.0,1.72,3.34,4.23,504.42,98.31,0.87,242.76,10.27,63.92,50.21,0.0,-0.3
1.63,4.45,7.55,9.0,0.95,6.21,4.29,483.89,116.35,0.9,218.72,11.07,64.86,53.85,0.0,-1.11
3.64,3.7,7.63,9.0,1.79,5.73,4.59,611.15,164.36,1.01,345.91,10.23,65.37,49.35,0.0,0.38
4.8,5.51,6.04,9.0,1.37,4.66,4.37,525.06,129.55,0.94,262.05,10.69,64.2,52.34,0.0,-0.58
3.66,4.89,7.43,9.0,0.95,5.73,4.21,471.22,108.33,0.84,204.63,11.02,65.18,52.95,0.0,-1.07
2.18,3.91,12.12,9.0,0.52,5.97,4.3,427.19,84.36,0.77,159.1,11.27,65.46,53.86,111.0,4.0
3.33,5.51,8.77,9.0,0.88,2.09,4.63,559.07,177.44,1.0,292.86,10.75,65.13,52.16,0.0,-0.19
3.95,2.8,8.13,9.0,0.83,6.83,4.39,495.65,133.8,0.88,232.77,10.77,64.35,52.34,2.0,4.0
2.18,4.41,12.12,9.0,0.95,4.03,4.28,461.36,99.59,0.85,196.9,11.03,64.67,53.87,0.0,-1.16
4.41,5.51,9.88,9.0,1.11,5.97,4.28,480.29,111.1,0.87,213.91,11.04,65.08,53.66,0.0,-1.1
2.18,5.51,3.89,9.0,0.95,7.95,4.25,451.08,91.44,0.83,186.74,11.05,64.62,53.73,0.0,-1.22
1.92,1.75,8.08,9.0,1.19,3.31,4.78,568.11,156.8,0.99,311.62,9.85,62.87,48.85,0.0,0.79
2.25,5.51,6.26,9.0,1.78,2.73,4.87,536.01,123.47,0.96,277.5,10.2,62.85,50.27,0.0,0.34
2.36,5.04,12.84,9.0,0.66,4.78,4.18,437.35,89.39,0.78,168.57,11.25,65.62,53.38,55.0,4.0
2.34,5.51,11.01,9.0,0.95,4.91,4.27,488.77,118.43,0.87,218.93,11.11,65.98,52.79,0.0,-1.02
1.83,5.51,5.31,9.0,1.61,4.79,5.04,473.07,96.5,0.86,214.72,10.54,62.97,51.81,0.0,-0.04
2.34,2.23,13.87,9.0,1.52,2.21,5.11,574.07,148.07,1.0,319.53,9.76,62.33,48.56,0.0,1.1
2.34,4.23,13.93,9.0,0.95,4.1,4.82,486.9,117.69,0.89,220.76,10.96,65.06,53.27,0.0,-0.56
4.23,5.51,13.87,9.0,1.69,5.73,4.64,649.99,199.74,1.08,380.19,10.56,66.68,50.08,0.0,0.27
1.97,2.79,13.87,9.0,0.95,2.67,4.92,465.61,97.28,0.85,204.72,10.54,63.86,51.78,0.0,-0.13
2.34,5.51,10.64,9.0,1.47,5.73,4.47,557.23,148.8,1.02,294.3,10.72,64.23,52.47,0.0,-0.45
2.34,5.51,13.87,9.0,0.95,7.05,4.41,489.54,122.03,0.88,221.06,11.17,65.7,53.24,0.0,-0.98
2.61,5.51,11.06,9.0,0.95,4.92,4.32,507.92,134.84,0.91,239.18,11.09,65.79,53.17,0.0,-0.94
2.34,5.64,13.87,9.0,0.95,5.73,4.3,469.99,108.84,0.85,202.36,11.17,65.48,53.43,0.0,-1.15
2.34,5.51,13.87,9.0,1.26,5.98,4.18,471.77,98.9,0.85,206.74,11.04,64.83,53.53,0.0,-1.21
2.34,2.82,12.6,9.0,1.07,5.63,4.6,540.85,152.16,0.98,278.42,10.64,64.27,51.63,0.0,-0.19
2.34,3.87,13.87,9.0,0.77,7.73,4.77,462.51,106.79,0.84,194.51,11.1,65.58,53.1,12.0,4.0
3.15,5.51,8.29,9.0,0.95,2.07,4.25,475.75,107.77,0.86,213.41,10.78,64.15,52.64,0.0,-0.85
2.34,5.51,12.87,9.0,0.95,6.94,4.88,470.22,108.47,0.87,202.7,11.21,65.34,54.4,0.0,-0.84
3.21,5.51,13.24,9.0,0.95,4.52,4.12,466.28,105.08,0.84,198.9,11.12,65.36,53.59,0.0,-1.29
1.31,4.19,13.87,9.0,0.59,5.73,4.11,423.0,76.83,0.76,155.29,11.28,65.38,53.74,108.0,4.0
2.34,5.51,9.29,9.0,1.48,7.83,4.5,597.76,172.68,1.03,328.34,10.79,66.13,51.68,0.0,-0.28
1.62,5.51,13.87,9.0,0.95,5.73,4.44,476.8,111.13,0.85,206.36,11.21,66.23,53.15,0.0,-1.02
1.83,5.51,6.81,9.0,0.81,5.73,4.18,481.9,119.52,0.87,214.63,11.12,65.39,53.22,17.0,4.0
5.0,5.51,13.87,9.0,0.95,5.19,4.5,553.11,181.67,1.04,287.17,10.97,65.05,53.31,0.0,-0.55
3.93,5.51,14.17,9.0,0.96,7.71,4.6,466.21,106.85,0.85,197.91,11.19,65.6,53.82,0.0,-0.98
2.51,5.51,13.87,9.0,0.95,5.73,4.2,450.3,93.21,0.82,182.54,11.23,65.44,53.85,0.0,-1.37
4.46,5.51,13.87,9.0,1.85,6.78,4.31,516.92,108.89,0.92,255.94,10.57,63.65,51.65,0.0,-0.55
1.95,3.25,10.71,9.0,1.58,5.14,5.01,573.55,150.74,1.02,310.85,10.35,64.43,50.22,0.0,0.47
2.83,5.51,12.94,9.0,0.8,3.4,4.55,478.54,116.3,0.85,208.52,11.14,66.27,52.85,0.0,-0.83
2.82,5.51,13.87,9.0,0.95,2.18,5.28,504.74,128.66,0.9,236.03,10.84,65.7,52.67,0.0,-0.01
2.34,5.51,13.87,9.0,1.73,6.21,4.34,496.62,100.92,0.9,235.24,10.68,63.86,52.03,0.0,-0.68
2.59,4.09,13.87,9.0,0.95,3.39,4.4,531.03,148.5,0.95,263.24,10.87,65.65,52.34,0.0,-0.59
2.13,5.51,13.87,9.0,1.78,5.73,4.05,457.53,78.95,0.82,195.41,10.67,64.01,51.75,0.0,-0.95
3.97,5.51,13.87,9.0,1.14,5.86,4.36,507.23,127.7,0.91,239.63,11.03,65.51,53.27,0.0,-0.91
2.41,4.76,9.59,9.0,0.84,4.54,4.21,477.43,114.92,0.87,210.93,11.11,65.14,53.19,1.0,4.0
2.34,5.51,13.87,9.0,1.19,3.92,4.4,531.78,139.17,0.93,263.05,10.93,65.83,52.35,0.0,-0.66
2.34,1.79,13.87,9.0,0.95,6.92,4.82,583.94,186.03,1.0,319.97,10.31,65.2,49.53,1.0,4.0
2.34,5.51,13.87,9.0,0.95,5.5,4.38,474.07,109.89,0.86,205.07,11.19,65.81,53.57,0.0,-1.11
4.36,5.51,13.24,9.0,0.95,5.73,4.31,545.13,164.52,0.94,273.53,11.01,67.26,51.99,0.0,-0.64
2.7,5.51,13.7,9.0,0.95,5.73,4.42,506.64,133.51,0.89,236.4,11.16,66.2,53.12,0.0,-0.91
2.99,4.31,13.87,9.0,1.76,6.65,4.61,579.35,150.45,1.02,314.13,10.48,65.11,50.51,0.0,0.04
2.34,1.5,9.35,9.0,0.95,5.73,5.02,626.66,215.06,1.04,364.97,9.94,64.64,47.97,0.0,1.27
2.34,5.51,11.03,9.0,1.53,5.73,4.67,518.22,117.59,0.92,253.38,10.76,64.82,52.11,0.0,-0.41
1.53,5.51,4.02,9.0,0.6,4.47,3.92,429.04,76.28,0.75,160.22,11.18,65.71,53.29,59.0,4.0
2.02,3.98,13.87,9.0,0.95,3.61,4.48,533.64,153.16,0.96,266.69,10.89,65.24,52.63,0.0,-0.55
4.42,4.3,8.44,9.0,0.95,5.73,4.51,541.13,161.78,0.96,272.6,10.92,65.85,52.49,0.0,-0.5
2.34,4.18,13.87,9.0,0.81,5.73,4.24,453.87,96.82,0.81,184.75,11.13,65.88,52.77,2.0,4.0
2.34,5.51,13.87,9.0,0.95,5.73,4.06,444.29,89.19,0.81,177.57,11.22,65.23,54.29,0.0,-1.55
4.63,2.48,11.49,9.0,0.69,4.54,4.77,550.96,185.1,0.98,286.43,10.62,65.05,51.08,7.0,4.0
2.63,5.51,11.78,9.0,1.03,5.73,4.36,484.74,111.88,0.86,213.48,11.06,66.65,52.56,0.0,-0.91
4.37,3.29,5.11,9.0,1.62,5.73,4.5,575.13,144.73,0.98,312.87,10.24,64.32,49.78,0.0,0.17
2.34,5.51,13.87,9.0,1.76,6.04,4.48,585.59,155.23,1.01,318.83,10.55,65.61,50.92,0.0,-0.13
2.34,5.51,13.87,9.0,1.03,5.73,4.23,502.76,126.78,0.9,233.55,11.11,65.86,53.21,0.0,-1.06
2.63,5.51,13.49,9.0,0.95,5.73,4.75,489.67,120.96,0.87,220.06,11.15,65.98,53.36,0.0,-0.73
4.69,5.51,13.87,9.0,0.95,5.73,4.21,467.72,109.51,0.86,202.39,11.14,64.9,54.15,0.0,-1.28
2.34,5.51,13.87,9.0,1.58,6.76,4.33,521.88,117.32,0.93,257.58,10.81,64.64,52.23,0.0,-0.72
2.34,2.02,13.87,9.0,0.98,6.78,4.65,546.38,160.06,0.98,286.84,10.46,63.58,51.25,0.0,0.04
2.36,5.51,12.46,9.0,1.03,5.73,4.19,456.49,95.33,0.83,190.25,11.14,65.14,54.09,0.0,-1.35
1.69,4.81,11.78,9.0,1.03,5.73,4.31,460.32,96.26,0.84,192.55,11.11,65.47,53.69,0.0,-1.18
1.97,5.51,7.49,9.0,1.03,5.73,4.45,504.39,128.28,0.9,235.34,11.01,65.84,52.66,0.0,-0.76
2.38,4.06,11.78,9.0,1.03,3.3,4.46,501.89,120.64,0.88,234.88,10.85,65.32,52.43,0.0,-0.65
3.96,5.51,11.78,9.0,1.03,5.73,4.25,461.09,100.76,0.84,195.14,11.13,65.06,53.88,0.0,-1.25
2.63,4.77,11.78,9.0,1.03,3.56,4.33,531.46,145.95,0.95,263.22,10.87,65.64,52.52,0.0,-0.67
2.63,5.51,11.78,9.0,1.03,2.54,4.28,493.71,116.51,0.89,226.67,10.87,65.25,52.78,0.0,-0.87
3.07,5.51,4.01,9.0,1.03,5.73,4.16,482.78,111.29,0.87,217.8,10.92,64.8,53.09,0.0,-1.05
2.63,2.45,13.92,9.0,1.85,5.73,5.22,638.03,186.42,1.07,375.79,10.02,64.48,48.32,0.0,1.21
3.07,5.51,7.54,9.0,1.03,5.73,4.16,446.05,88.78,0.82,181.96,11.07,64.57,54.01,0.0,-1.34
3.07,5.51,11.91,9.0,1.23,5.73,4.51,537.25,144.97,0.97,269.03,10.92,65.63,52.74,0.0,-0.6
2.34,5.51,13.87,9.0,1.18,6.14,4.91,509.23,123.88,0.9,238.51,11.03,66.43,52.47,0.0,-0.41
3.07,5.51,4.01,9.0,0.95,5.73,4.38,491.91,121.56,0.89,225.67,10.98,65.06,53.51,0.0,-0.92
3.06,5.51,11.35,9.0,0.95,6.96,4.35,482.27,117.51,0.87,214.48,11.16,65.48,53.45,0.0,-1.07
4.48,5.26,13.87,9.0,1.3,5.73,4.49,502.49,116.77,0.89,235.36,10.91,65.38,52.78,0.0,-0.73
4.31,5.51,5.8,9.0,0.91,5.73,4.27,488.77,120.88,0.86,218.69,11.0,66.22,52.42,0.0,-0.89
3.07,5.65,4.01,9.0,1.52,5.73,4.05,479.61,92.12,0.85,217.25,10.59,64.04,51.72,0.0,-0.84
2.49,5.51,13.87,9.0,0.95,5.73,4.09,453.49,90.94,0.79,182.38,11.2,66.52,52.96,0.0,-1.34
2.34,5.51,13.87,9.0,0.95,5.73,4.06,444.29,89.19,0.81,177.57,11.22,65.23,54.29,0.0,-1.55
2.34,5.51,13.87,9.0,0.95,4.11,4.1,454.19,94.85,0.82,187.49,11.17,65.24,53.66,0.0,-1.39
2.34,5.51,13.87,9.0,0.95,5.73,4.06,444.29,89.19,0.81,177.57,11.22,65.23,54.29,0.0,-1.55
2.34,5.51,13.87,9.0,0.82,5.73,4.43,476.3,118.13,0.87,208.73,11.22,65.37,54.04,3.0,4.0
2.78,5.74,13.87,9.0,0.95,5.73,4.6,532.51,158.38,0.98,264.45,11.06,65.55,53.1,0.0,-0.6
1.54,5.51,13.87,9.0,1.46,5.73,4.99,498.81,122.35,0.9,235.34,10.84,64.36,52.64,0.0,-0.26
2.34,5.28,8.27,9.0,1.62,5.18,4.33,522.39,113.9,0.93,259.9,10.61,64.24,51.58,0.0,-0.53
3.22,3.33,9.98,9.0,1.89,5.73,4.55,555.32,129.49,0.93,295.73,10.27,63.5,50.27,0.0,0.07
1.54,5.51,8.96,9.0,1.46,2.78,4.28,470.14,99.53,0.85,210.01,10.64,63.56,52.16,0.0,-0.72
3.17,5.51,7.38,9.0,1.75,5.73,4.12,475.02,87.4,0.85,214.04,10.57,63.66,51.72,0.0,-0.8
2.61,5.51,13.87,9.0,0.85,5.73,4.31,469.47,112.21,0.87,202.52,11.22,65.24,54.06,1.0,4.0
2.2,5.51,12.33,9.0,1.34,6.94,4.37,515.55,123.36,0.93,248.05,10.95,65.44,52.73,0.0,-0.81
3.64,5.51,14.5,9.0,1.46,2.47,4.56,554.06,144.16,1.01,291.09,10.51,64.21,51.7,0.0,-0.18
3.04,5.51,8.2,9.0,1.96,5.73,4.66,482.09,87.75,0.86,222.59,10.43,63.22,51.23,0.0,-0.23
1.54,5.51,13.87,9.0,1.88,5.36,4.2,485.84,109.03,0.88,225.06,10.57,63.58,51.54,0.0,-0.62
1.54,2.89,12.31,9.0,1.38,7.52,4.41,490.2,109.84,0.9,233.46,10.62,62.78,51.95,0.0,-0.54
3.01,2.8,13.84,9.0,1.46,2.78,4.61,526.53,128.52,0.94,271.43,10.15,62.4,50.24,0.0,0.19
1.54,5.51,10.03,9.0,0.9,2.78,4.42,496.1,126.81,0.89,228.63,11.0,65.36,52.92,0.0,-0.81
3.1,5.02,13.56,9.0,1.46,2.78,4.61,571.94,156.09,1.02,306.01,10.54,65.04,51.29,0.0,-0.06
3.46,5.51,10.7,9.0,1.05,5.99,4.31,464.23,102.12,0.85,198.9,11.08,64.92,53.7,0.0,-1.14
1.69,5.51,12.91,9.0,1.46,2.28,4.3,482.73,104.58,0.87,222.79,10.59,63.48,51.65,0.0,-0.59
3.69,2.85,5.11,9.0,1.52,2.78,4.62,585.48,157.86,0.99,329.17,9.91,62.77,48.99,0.0,0.62
3.91,5.51,12.8,9.0,1.93,2.78,4.2,492.77,88.3,0.87,234.12,10.28,62.92,50.96,0.0,-0.46
2.45,5.51,9.32,9.0,0.95,5.05,4.5,521.97,147.07,0.93,254.36,11.02,65.49,52.69,0.0,-0.65
2.85,5.53,13.87,9.0,0.75,5.73,4.41,501.35,142.03,0.91,232.55,11.21,65.71,53.75,22.0,4.0
2.34,5.51,13.97,9.0,0.95,5.73,4.16,441.47,85.21,0.8,173.71,11.22,65.44,53.81,0.0,-1.43
2.34,5.51,13.87,9.0,0.95,5.73,4.06,444.29,89.19,0.81,177.57,11.22,65.23,54.29,0.0,-1.55
2.34,5.51,5.11,9.0,0.95,4.7,4.29,515.18,137.8,0.92,246.72,10.98,65.72,52.99,0.0,-0.86
4.41,5.51,13.87,9.0,1.63,5.73,5.5,894.91,411.58,1.34,617.45,10.26,69.28,47.59,0.0,2.3
1.95,5.51,13.87,9.0,0.95,5.73,4.73,459.49,100.03,0.83,192.02,11.18,65.41,53.37,0.0,-0.85
2.76,5.51,13.87,9.0,0.95,5.73,4.69,440.12,87.38,0.82,174.6,11.19,64.99,54.47,0.0,-1.07
3.3,5.53,13.64,9.0,1.01,5.73,4.14,473.56,109.51,0.84,204.22,11.11,65.97,53.16,0.0,-1.2
3.61,1.62,13.52,9.0,0.78,3.2,5.2,740.35,322.65,1.13,470.6,9.91,67.34,46.33,3.0,4.0
2.85,5.51,8.13,9.0,0.95,6.14,4.4,509.98,136.45,0.9,239.77,11.07,66.44,52.7,0.0,-0.8
2.34,5.52,11.62,9.0,0.75,6.52,4.33,469.89,112.76,0.84,199.52,11.23,66.25,53.25,24.0,4.0
2.85,5.53,3.89,9.0,0.96,4.52,4.66,458.67,95.7,0.83,194.23,10.93,64.62,53.33,0.0,-0.76
2.53,5.52,13.87,9.0,0.84,3.6,4.82,485.52,121.69,0.88,217.06,11.11,65.58,53.47,0.0,-0.66
1.78,5.53,9.16,9.0,0.75,7.27,4.17,454.39,102.2,0.84,187.69,11.26,65.23,54.03,49.0,4.0
2.85,1.66,13.87,9.0,2.0,4.13,5.11,714.34,227.64,1.14,454.27,9.48,64.31,45.7,0.0,1.94
4.44,4.73,6.76,9.0,0.95,5.73,4.57,492.59,125.52,0.88,226.27,10.96,65.16,53.23,0.0,-0.71
2.34,2.23,13.87,9.0,0.95,5.56,4.66,522.65,142.49,0.94,261.37,10.54,64.06,51.51,0.0,-0.11
2.24,5.51,9.72,9.0,0.95,2.14,4.25,460.17,93.85,0.83,195.68,10.88,64.66,52.77,0.0,-0.99
2.34,2.72,11.3,9.0,0.95,5.73,5.06,533.83,151.14,0.96,269.85,10.7,64.66,51.62,0.0,0.13
2.34,3.66,10.97,9.0,0.73,6.73,4.83,457.58,104.51,0.84,191.85,11.07,64.93,53.6,21.0,4.0
2.34,5.51,7.53,9.0,0.95,3.62,4.06,451.95,89.45,0.8,184.4,11.05,65.42,53.38,0.0,-1.33
2.08,5.51,13.87,9.0,0.95,6.34,4.38,455.87,96.66,0.83,187.47,11.24,65.64,54.03,0.0,-1.25
3.34,3.77,5.99,9.0,0.95,5.2,4.2,493.9,119.99,0.87,226.54,10.82,65.45,52.27,0.0,-0.82
2.56,3.77,5.99,9.0,0.95,2.55,4.29,507.83,129.18,0.91,246.08,10.58,64.04,51.57,0.0,-0.48
3.5,4.07,5.99,9.0,1.48,6.34,4.85,561.42,146.17,1.0,296.31,10.51,64.94,51.0,0.0,0.13
2.93,3.77,7.47,9.0,1.46,5.2,4.74,487.86,101.54,0.87,226.17,10.55,64.02,51.6,0.0,-0.23
4.24,3.77,5.5,9.0,0.95,2.0,4.53,538.83,158.04,0.97,280.09,10.29,63.3,51.34,0.0,0.03
3.34,4.31,5.33,9.0,1.12,5.2,4.1,455.24,90.61,0.82,193.45,10.82,64.09,52.76,0.0,-1.08
4.49,3.77,5.99,9.0,1.73,5.2,4.44,520.58,111.59,0.93,263.99,10.33,62.52,51.33,0.0,-0.25
1.39,1.65,5.99,9.0,1.1,7.58,4.73,567.86,159.55,0.98,309.3,10.05,63.73,48.89,0.0,0.63
2.84,3.77,5.99,9.0,1.3,5.2,4.39,544.43,145.35,0.99,282.05,10.59,64.2,51.59,0.0,-0.35
2.34,3.3,6.58,9.0,0.78,5.73,4.28,510.34,141.82,0.9,244.45,10.84,65.16,51.85,16.0,4.0
2.34,5.51,13.87,9.0,1.16,6.15,4.29,454.02,88.42,0.82,185.86,11.1,65.64,53.17,0.0,-1.16
2.34,5.51,10.38,9.0,1.94,5.2,4.21,446.85,73.08,0.8,190.48,10.47,62.45,51.47,0.0,-0.69
4.12,4.43,13.87,9.0,1.76,5.73,4.67,523.98,114.89,0.93,261.72,10.49,64.13,51.42,0.0,-0.17
4.24,5.51,5.82,9.0,0.84,5.73,4.2,442.0,91.09,0.82,176.84,11.15,64.81,54.33,0.0,-1.39
2.34,3.39,13.87,9.0,0.95,5.73,4.38,495.33,122.84,0.89,228.51,10.94,65.39,52.46,0.0,-0.77
4.92,5.51,13.87,9.0,0.95,5.73,4.17,480.82,119.56,0.86,213.92,11.09,65.24,53.11,0.0,-1.11
2.34,5.51,13.87,9.0,1.58,5.73,4.36,509.5,109.27,0.91,246.08,10.73,64.42,51.86,0.0,-0.64
2.85,5.51,13.87,9.0,1.19,5.73,4.61,488.76,112.3,0.87,220.79,11.02,65.57,52.91,0.0,-0.74
4.83,5.51,13.87,9.0,0.95,5.73,4.41,519.85,150.32,0.94,251.96,11.03,65.55,52.89,0.0,-0.74
4.92,5.51,13.87,9.0,0.58,3.65,4.23,457.18,113.23,0.84,188.41,11.24,65.69,54.39,26.0,4.0
2.4,2.32,13.87,9.0,0.95,5.73,4.76,572.45,180.56,1.02,308.6,10.55,64.92,50.99,0.0,0.18
4.92,4.0,13.87,9.0,0.85,5.73,4.98,657.43,269.35,1.17,385.61,10.76,67.34,51.35,0.0,0.55
3.76,3.98,13.87,9.0,0.95,2.73,4.49,525.44,147.34,0.94,259.58,10.74,65.05,52.12,0.0,-0.42
3.36,5.51,13.87,9.0,0.95,5.73,4.38,489.64,125.29,0.87,221.89,11.14,65.48,53.42,0.0,-1.0
2.34,3.87,13.87,9.0,1.61,4.91,4.79,519.2,117.51,0.93,257.43,10.5,64.0,51.59,0.0,-0.09
3.95,5.51,13.87,9.0,0.84,5.73,4.07,466.2,110.45,0.83,197.18,11.18,65.83,53.58,0.0,-1.34
2.34,3.9,13.87,9.0,1.65,5.84,4.48,545.84,130.04,0.98,285.2,10.55,63.66,51.85,0.0,-0.34
4.16,3.93,5.1,9.0,0.95,5.73,4.14,457.69,95.26,0.81,192.27,10.87,64.95,52.5,0.0,-1.03
2.67,5.12,14.21,9.0,0.95,5.64,4.25,451.17,92.91,0.82,183.66,11.16,65.32,53.41,0.0,-1.24
2.29,5.51,9.21,9.0,0.95,5.73,4.03,462.33,100.05,0.82,193.33,11.15,65.8,53.04,0.0,-1.33
2.34,5.51,13.87,9.0,0.95,4.59,4.37,481.07,115.13,0.88,214.99,11.12,65.06,53.85,0.0,-1.08
4.32,5.51,10.26,9.0,0.95,5.73,4.21,473.26,112.25,0.86,206.7,11.1,65.18,53.8,0.0,-1.2
2.34,5.04,13.87,9.0,1.79,6.93,4.07,458.24,74.06,0.81,196.01,10.67,64.08,51.8,0.0,-0.96
2.02,4.64,5.1,9.0,1.27,5.73,4.17,490.41,108.26,0.88,228.42,10.76,64.05,52.41,0.0,-0.87
1.81,3.93,5.1,9.0,1.66,6.97,4.8,477.72,91.86,0.89,222.54,10.44,62.17,52.16,0.0,-0.22
4.16,3.93,15.0,9.0,1.57,6.54,4.6,628.05,188.39,1.03,357.38,10.6,67.13,49.91,0.0,0.19
3.35,2.12,5.1,9.0,0.5,7.83,4.41,465.52,113.75,0.84,204.81,10.63,63.85,51.83,55.0,4.0
2.23,5.0,4.99,9.0,1.17,5.73,4.13,454.89,87.06,0.83,191.65,10.88,64.26,52.94,1.0,4.0
4.68,3.93,5.1,9.0,1.04,5.73,4.39,524.34,144.61,0.94,260.11,10.78,64.68,52.59,0.0,-0.59
4.16,3.93,10.28,9.0,1.44,5.73,4.68,621.53,194.31,1.05,353.75,10.57,65.83,50.77,0.0,0.19
2.2,3.93,5.1,9.0,0.95,5.73,4.43,477.98,111.82,0.88,216.69,10.84,63.86,53.34,0.0,-0.82
2.34,5.51,13.87,9.0,0.95,5.73,4.06,444.29,89.19,0.81,177.57,11.22,65.23,54.29,0.0,-1.55
2.34,2.59,13.87,9.0,0.95,3.6,4.64,511.08,133.09,0.92,249.83,10.55,63.97,51.52,0.0,-0.17
3.15,1.92,5.51,9.0,0.55,5.73,4.43,465.01,109.14,0.83,206.05,10.45,63.44,51.36,50.0,4.0
2.34,4.3,13.87,9.0,1.96,5.73,4.45,569.84,130.97,0.97,304.89,10.38,64.97,49.99,0.0,-0.04
2.34,5.51,13.87,9.0,0.95,5.73,4.06,444.29,89.19,0.81,177.57,11.22,65.23,54.29,0.0,-1.55
3.32,5.51,13.87,9.0,0.77,5.73,4.51,446.92,98.54,0.82,179.93,11.26,65.21,54.6,0.0,-1.22
1.45,1.7,10.78,9.0,0.95,7.26,4.76,494.17,117.77,0.89,237.38,10.29,62.94,50.75,0.0,0.11
2.34,1.93,4.31,9.0,1.15,5.73,4.6,592.89,174.71,1.01,333.09,10.0,63.95,48.49,0.0,0.67
4.11,5.43,13.87,9.0,1.65,6.22,4.55,599.25,168.63,1.04,332.07,10.62,65.58,51.3,0.0,-0.11
4.28,2.88,13.87,9.0,0.89,4.11,4.6,557.39,179.82,0.97,291.43,10.62,65.54,51.04,0.0,0.01
2.32,4.68,13.87,9.0,1.96,3.94,4.64,580.2,135.98,1.03,317.41,10.3,64.31,50.27,0.0,0.15
2.48,5.59,13.87,9.0,1.27,5.73,4.24,488.88,110.67,0.89,223.55,11.01,64.83,53.07,0.0,-1.04
3.47,4.3,13.87,9.0,1.6,5.86,4.84,540.7,134.17,0.96,275.96,10.61,64.8,51.9,0.0,-0.09
3.13,4.3,13.87,9.0,1.96,7.99,4.44,585.27,146.77,1.01,320.14,10.36,65.25,49.85,0.0,0.05
2.0,3.65,13.87,9.0,1.96,4.87,4.42,497.47,96.8,0.9,242.41,10.31,62.2,50.96,0.0,-0.27
2.94,4.3,13.87,9.0,1.9,5.73,4.64,487.17,90.89,0.87,227.92,10.47,63.31,51.43,0.0,-0.28
2.93,5.69,13.72,9.0,0.95,4.93,4.25,482.94,118.48,0.87,215.4,11.13,65.51,53.18,0.0,-1.09
3.77,5.51,11.28,9.0,1.8,6.11,4.35,559.3,135.44,1.0,295.14,10.53,64.65,51.08,0.0,-0.32
2.34,5.51,13.87,9.0,1.93,5.73,4.48,524.52,113.35,0.95,263.51,10.5,63.61,51.69,0.0,-0.36
2.34,5.51,13.87,9.0,0.95,5.73,4.06,444.29,89.19,0.81,177.57,11.22,65.23,54.29,0.0,-1.55
3.44,5.4,5.14,9.0,0.77,5.73,4.18,493.29,132.56,0.88,226.61,11.06,65.19,52.92,10.0,4.0
2.34,2.52,13.87,9.0,0.95,6.0,4.71,521.83,145.14,0.94,260.16,10.65,64.1,51.73,0.0,-0.15
4.58,4.85,13.87,9.0,1.04,5.73,4.3,493.69,125.11,0.9,227.77,11.0,65.04,53.31,0.0,-0.96
2.34,5.51,9.74,9.0,0.96,6.47,4.31,488.79,122.99,0.89,222.81,11.13,65.07,53.95,0.0,-1.12
4.58,3.72,6.01,9.0,1.04,5.73,4.48,516.46,138.8,0.93,251.18,10.78,64.91,52.64,0.0,-0.55
4.58,5.01,11.78,9.0,1.04,6.36,4.34,470.16,107.26,0.86,204.34,11.06,65.05,53.66,0.0,-1.08
2.34,5.51,13.87,9.0,0.95,4.92,4.59,538.38,159.07,0.97,269.53,11.08,65.78,53.03,0.0,-0.61
2.34,5.51,13.87,9.0,0.95,3.2,4.28,462.22,101.29,0.84,197.52,11.05,64.73,53.17,0.0,-1.09
4.81,3.88,6.1,9.0,1.45,5.73,4.77,563.42,155.06,0.99,300.51,10.48,64.37,51.12,0.0,0.11
3.62,5.28,13.87,9.0,1.03,2.51,4.64,488.84,116.66,0.88,223.44,10.87,64.89,52.85,0.0,-0.59
2.34,5.51,13.87,9.0,1.66,5.73,4.61,576.29,149.22,1.02,311.28,10.62,64.83,51.27,0.0,-0.14
2.03,2.77,13.87,9.0,1.13,5.73,4.45,519.09,132.37,0.94,256.15,10.64,64.34,51.85,0.0,-0.41
2.34,5.51,13.87,9.0,1.42,4.24,4.53,521.37,123.98,0.91,253.83,10.83,65.49,52.13,0.0,-0.54
3.08,5.51,14.86,9.0,0.95,5.89,4.71,454.86,101.1,0.85,190.59,11.17,64.61,54.54,0.0,-0.99
2.34,5.15,8.7,9.0,1.9,7.6,4.24,514.52,103.97,0.91,251.89,10.52,64.23,51.26,0.0,-0.55
2.34,2.17,13.87,9.0,1.93,5.73,4.9,701.29,203.23,1.08,430.38,9.94,67.23,46.51,0.0,1.3
2.34,3.19,13.87,9.0,0.95,5.73,4.35,475.8,110.61,0.86,210.59,10.91,64.89,52.73,0.0,-0.85
2.03,5.51,13.87,9.0,0.95,5.73,4.48,495.77,125.07,0.89,225.21,11.16,66.18,53.3,0.0,-0.92
2.86,3.55,12.76,9.0,0.88,5.48,4.47,504.49,135.68,0.9,237.72,10.94,65.17,52.54,0.0,-0.65
2.34,5.51,12.5,9.0,0.83,3.26,4.41,473.37,109.51,0.85,203.23,11.09,66.13,53.22,1.0,4.0
1.33,4.93,11.09,9.0,1.13,5.73,4.26,488.21,118.52,0.89,222.09,11.01,65.11,52.92,0.0,-0.98
2.13,2.77,4.2,9.0,1.13,5.73,4.44,505.69,119.61,0.91,247.39,10.43,63.22,50.96,0.0,-0.24
2.03,2.77,13.69,9.0,1.13,4.54,5.25,542.03,152.0,0.98,281.99,10.56,63.7,51.76,0.0,0.35
4.31,4.2,13.87,9.0,1.55,7.99,4.64,613.31,180.91,1.03,342.88,10.64,66.97,50.42,0.0,0.1
1.42,5.44,13.87,9.0,1.98,5.73,4.2,502.11,118.8,0.89,240.52,10.51,63.97,50.77,0.0,-0.45
3.71,3.12,13.87,9.0,0.72,2.71,4.45,521.13,154.48,0.92,254.99,10.62,65.36,51.15,5.0,4.0
4.67,2.77,13.87,9.0,0.62,6.36,4.45,496.17,146.6,0.9,232.24,10.87,64.6,52.58,28.0,4.0
4.18,2.77,8.81,9.0,1.13,5.73,4.76,622.12,214.04,1.06,354.58,10.48,66.04,50.44,0.0,0.43
2.34,5.51,12.32,9.0,0.53,5.73,4.16,420.53,79.81,0.76,151.62,11.42,65.77,54.33,109.0,4.0
2.34,1.95,10.16,9.0,1.3,5.73,5.23,608.67,182.1,1.02,345.16,10.15,65.02,48.77,0.0,1.07
2.34,3.65,4.08,9.0,0.83,6.11,4.22,479.52,113.06,0.86,214.67,10.86,64.82,52.57,0.0,-0.89
2.34,5.7,13.87,9.0,1.0,4.21,4.22,460.68,95.55,0.81,191.76,11.09,65.86,52.56,0.0,-1.11
2.34,5.51,14.93,9.0,1.55,7.59,4.32,522.23,120.77,0.94,258.63,10.81,64.53,52.18,0.0,-0.71
2.34,5.78,4.47,9.0,0.95,5.73,4.28,492.87,120.38,0.89,224.96,11.03,65.5,53.12,0.0,-0.99
1.38,5.51,13.87,9.0,1.91,7.48,4.41,474.02,104.14,0.88,216.28,10.61,62.86,52.19,0.0,-0.58
1.57,5.51,9.59,9.0,1.37,5.73,4.4,512.31,131.88,0.92,247.72,10.87,64.72,52.55,0.0,-0.68
1.35,5.58,12.29,9.0,0.99,3.04,4.39,484.82,116.59,0.86,215.65,11.06,65.87,53.01,0.0,-0.93
2.34,4.3,10.16,9.0,1.3,5.73,4.6,548.33,147.26,0.98,281.5,10.79,65.18,52.49,0.0,-0.41
2.6,1.95,9.85,9.0,1.11,2.38,4.95,543.39,142.34,0.95,285.49,9.89,63.01,49.21,0.0,0.79
4.23,4.52,6.51,9.0,1.3,7.32,4.35,507.9,121.46,0.91,245.05,10.8,64.23,52.91,0.0,-0.76
2.34,1.95,8.69,9.0,0.66,6.21,4.64,514.57,149.21,0.92,255.28,10.45,63.52,51.33,49.0,4.0
2.34,4.85,10.16,9.0,1.74,5.28,4.46,568.55,139.21,1.01,306.63,10.48,63.94,51.33,0.0,-0.22
2.52,5.16,10.16,9.0,1.3,5.73,4.57,541.27,139.05,0.96,271.56,10.88,66.12,52.21,0.0,-0.49
2.34,5.72,7.41,9.0,1.3,5.41,4.35,491.92,107.82,0.89,226.83,10.86,64.83,52.64,0.0,-0.82
2.3,4.27,11.47,9.0,1.3,5.73,4.6,538.81,138.06,0.97,271.57,10.79,65.46,52.13,0.0,-0.4
4.15,2.29,13.49,9.0,0.95,4.29,5.06,630.79,235.51,1.12,367.59,10.36,64.77,50.61,0.0,0.81
2.34,5.51,13.87,9.0,0.55,5.45,4.07,427.82,81.54,0.76,155.49,11.42,66.88,53.67,88.0,4.0
1.76,5.51,8.4,9.0,0.95,5.73,4.17,468.11,104.17,0.85,199.49,11.16,65.7,53.52,0.0,-1.27
3.73,5.51,14.84,9.0,1.19,5.75,4.35,495.68,118.18,0.88,227.86,11.01,65.57,53.16,0.0,-0.94
2.34,5.73,13.87,9.0,1.88,5.73,4.47,534.66,127.17,0.96,274.33,10.51,63.57,51.32,0.0,-0.28
2.34,3.69,5.5,9.0,0.95,5.54,4.28,492.99,117.12,0.88,225.32,10.84,65.53,52.23,0.0,-0.78
2.34,2.36,11.51,9.0,1.41,5.8,4.65,561.04,148.82,0.99,301.48,10.33,63.63,50.19,0.0,0.2
2.34,5.51,9.13,9.0,0.95,5.73,4.47,447.97,88.53,0.8,179.69,11.15,65.57,53.48,0.0,-1.09
2.96,5.35,13.87,9.0,0.95,4.53,4.23,482.3,114.98,0.85,212.86,11.12,66.08,52.74,0.0,-1.06
2.58,5.69,8.4,9.0,0.68,4.61,4.38,470.84,114.79,0.85,201.67,11.23,65.8,53.65,51.0,4.0
1.76,5.51,8.4,9.0,0.95,3.14,4.18,477.22,110.08,0.87,211.87,11.01,64.85,53.67,0.0,-1.16
1.76,4.58,14.81,9.0,0.95,5.73,4.46,493.57,124.79,0.89,226.19,11.08,65.48,52.96,0.0,-0.84
1.76,5.38,8.4,9.0,0.95,5.73,4.29,477.33,111.92,0.87,209.5,11.16,65.48,53.87,0.0,-1.19
1.76,5.51,8.09,9.0,0.95,2.27,4.2,467.23,99.63,0.83,201.9,10.9,64.87,52.95,0.0,-1.04
2.34,5.51,12.44,9.0,0.95,6.43,4.17,460.4,100.87,0.84,193.1,11.2,65.38,53.63,0.0,-1.32
2.34,5.51,9.01,9.0,0.95,4.98,4.8,471.24,106.83,0.85,203.3,11.08,65.51,53.38,0.0,-0.7
2.58,5.52,13.87,9.0,0.68,5.73,4.09,444.33,94.6,0.79,173.96,11.3,66.15,53.61,29.0,4.0
2.34,5.51,10.64,9.0,0.68,4.61,4.07,441.33,90.96,0.79,172.75,11.23,65.69,53.38,45.0,4.0
2.41,5.58,8.4,9.0,0.72,4.77,4.26,450.71,97.78,0.82,182.35,11.22,65.66,53.64,31.0,4.0
2.83,2.53,8.4,9.0,0.82,2.01,4.55,480.32,113.36,0.87,225.74,10.23,62.07,51.72,0.0,-0.15
2.58,5.63,13.87,9.0,0.95,5.27,4.11,469.15,105.13,0.85,200.06,11.17,65.81,53.43,0.0,-1.31
2.34,5.51,13.87,9.0,1.69,2.63,4.76,489.09,92.62,0.87,228.23,10.47,63.68,51.43,0.0,-0.18
2.36,1.94,8.02,9.0,0.95,6.48,4.97,508.15,130.95,0.91,249.07,10.37,63.45,51.42,0.0,0.2
2.34,2.61,6.59,9.0,0.72,4.98,4.32,480.49,117.0,0.87,217.6,10.67,64.34,51.53,12.0,4.0
2.19,5.51,12.0,9.0,0.79,5.73,4.8,458.54,105.14,0.83,190.65,11.21,65.39,53.7,10.0,4.0
3.29,2.89,13.87,9.0,1.25,5.73,4.97,564.32,163.98,1.0,296.99,10.56,65.83,51.02,0.0,0.27
4.38,3.13,13.87,9.0,1.93,3.94,4.51,577.47,138.35,0.96,315.38,10.11,64.32,48.96,0.0,0.33
2.34,4.49,9.01,9.0,1.74,5.55,4.19,476.75,86.38,0.86,217.75,10.53,63.25,51.42,0.0,-0.69
2.34,5.51,13.67,9.0,1.64,5.73,4.31,524.04,117.49,0.94,260.96,10.73,64.34,52.25,0.0,-0.69
2.34,5.51,13.87,9.0,0.71,5.73,4.17,463.25,109.15,0.84,194.02,11.25,65.86,53.54,39.0,4.0
2.34,2.4,9.01,9.0,1.52,5.47,4.51,540.99,128.88,0.93,282.14,10.2,63.63,49.44,0.0,0.18
3.68,2.06,13.87,9.0,0.81,6.93,4.85,613.75,229.76,1.06,349.09,10.45,65.26,50.2,1.0,4.0
2.34,5.51,9.01,9.0,0.95,4.98,4.8,471.24,106.83,0.85,203.3,11.08,65.51,53.38,0.0,-0.7
2.34,2.11,13.87,9.0,0.95,2.82,5.18,616.33,206.35,1.03,351.13,10.16,65.55,48.52,0.0,1.15
2.34,5.51,11.71,9.0,0.51,4.98,4.74,430.93,88.82,0.78,161.73,11.38,65.77,54.04,133.0,4.0
3.0,4.86,8.14,9.0,0.95,5.52,4.21,472.36,107.58,0.84,204.91,11.03,65.38,53.08,0.0,-1.09
3.0,2.49,13.87,9.0,1.44,5.73,4.74,570.46,157.18,0.99,306.44,10.39,64.91,50.1,0.0,0.28
1.83,5.51,13.87,9.0,1.7,7.69,4.19,498.3,116.01,0.9,236.41,10.72,64.01,52.14,0.0,-0.77
4.62,2.97,13.87,9.0,1.32,5.73,4.51,528.33,136.92,0.93,264.42,10.57,64.66,51.22,0.0,-0.23
1.46,2.02,13.87,9.0,1.75,3.18,4.59,576.9,139.19,0.96,316.54,9.79,64.23,47.13,0.0,0.81
2.34,5.51,13.87,9.0,0.95,7.61,4.81,463.28,105.54,0.84,196.55,11.16,65.22,53.67,0.0,-0.79
4.77,5.51,9.24,9.0,1.68,5.21,4.68,596.55,164.44,1.04,332.27,10.5,64.66,51.22,0.0,0.06
2.34,5.51,9.56,9.0,0.7,5.73,4.37,461.6,107.55,0.83,192.14,11.25,65.92,53.74,58.0,4.0
4.0,5.59,11.68,9.0,0.95,2.91,4.3,493.71,123.7,0.88,226.92,10.94,65.25,53.09,0.0,-0.9
2.34,5.51,8.37,9.0,0.64,5.73,3.97,439.97,89.7,0.77,169.44,11.3,66.28,53.2,54.0,4.0
4.71,5.38,8.92,9.0,1.2,6.39,4.2,456.03,91.56,0.83,191.68,11.0,64.61,53.66,0.0,-1.22
3.62,4.17,13.87,9.0,0.95,5.73,4.45,525.29,151.82,0.96,259.77,10.96,64.89,52.95,0.0,-0.66
1.84,3.48,13.6,9.0,0.87,5.73,4.53,500.67,134.72,0.92,236.48,10.94,64.61,53.37,2.0,4.0
3.07,3.83,13.87,9.0,0.68,7.61,4.43,455.33,108.02,0.83,188.45,11.18,65.25,53.95,21.0,4.0
2.34,3.83,12.84,9.0,1.02,5.73,4.44,515.07,134.42,0.93,248.5,10.94,65.19,53.03,0.0,-0.74
2.34,5.06,13.87,9.0,0.9,7.52,4.38,496.61,128.2,0.88,226.68,11.16,66.22,53.08,0.0,-0.96
2.34,2.27,13.87,9.0,1.3,4.65,4.9,613.97,188.26,1.03,348.81,10.27,65.47,49.17,0.0,0.71
2.34,5.51,5.67,9.0,1.32,5.73,4.31,510.58,119.31,0.91,245.74,10.81,64.78,52.29,0.0,-0.73
2.68,4.44,5.66,9.0,0.86,7.61,4.18,490.26,123.32,0.88,222.53,11.02,65.45,52.7,0.0,-1.0
2.34,5.51,14.68,9.0,0.95,5.73,4.67,478.99,115.11,0.87,211.29,11.17,65.48,53.37,0.0,-0.83
3.38,5.51,13.87,9.0,1.57,7.61,4.42,538.69,135.24,0.98,274.69,10.74,64.65,52.17,0.0,-0.53
1.4,2.2,13.09,9.0,0.95,3.84,4.48,485.1,112.1,0.88,226.98,10.42,63.13,51.25,0.0,-0.27
2.34,4.56,13.15,9.0,1.11,7.61,4.52,505.54,126.36,0.91,237.63,11.03,65.46,53.09,0.0,-0.77
2.01,5.51,13.87,9.0,1.62,7.61,4.39,515.66,121.65,0.92,251.58,10.78,64.61,51.87,0.0,-0.59
4.14,5.39,13.87,9.0,0.95,3.24,4.15,472.8,107.23,0.83,204.42,11.05,65.63,53.21,0.0,-1.17
2.34,5.51,13.87,9.0,1.35,7.61,4.43,535.81,137.03,0.97,269.12,10.93,65.25,52.91,0.0,-0.72
2.34,5.51,13.87,9.0,1.77,3.76,4.26,481.64,91.76,0.86,220.66,10.57,63.74,51.57,0.0,-0.65
2.34,2.25,13.87,9.0,0.82,3.97,4.6,494.64,125.82,0.91,234.28,10.5,63.73,51.65,0.0,-0.21
2.34,5.51,10.69,9.0,1.02,3.76,4.45,490.91,117.49,0.88,222.54,11.03,65.68,53.13,0.0,-0.87
2.34,2.51,13.87,9.0,0.8,3.76,4.58,522.19,146.59,0.94,258.61,10.6,64.46,51.58,5.0,4.0
2.34,5.51,13.87,9.0,1.83,3.79,4.62,567.86,139.9,0.99,303.73,10.44,64.68,50.69,0.0,0.01
3.66,2.11,13.87,9.0,1.77,3.76,5.01,681.82,219.32,1.09,417.5,9.83,65.58,47.18,0.0,1.44
3.75,5.51,13.87,9.0,0.97,4.39,4.52,473.75,112.65,0.85,207.15,11.1,65.19,53.29,0.0,-0.9
4.93,3.66,13.87,9.0,0.91,3.76,4.76,634.84,241.9,1.1,364.78,10.63,66.88,50.31,0.0,0.47
2.34,5.51,8.1,9.0,0.59,3.76,4.08,420.96,76.71,0.76,154.76,11.25,64.99,54.12,52.0,4.0
2.67,5.51,13.56,9.0,1.36,3.76,4.47,549.06,143.53,0.99,281.81,10.8,65.41,52.54,0.0,-0.53
2.34,1.88,12.52,9.0,1.87,7.62,4.98,733.93,235.04,1.11,463.52,9.88,67.16,46.13,0.0,1.57
3.12,5.29,13.99,9.0,0.97,5.73,4.09,462.88,102.54,0.82,193.74,11.13,65.85,53.2,0.0,-1.28
2.34,3.77,8.86,9.0,0.95,7.36,4.3,496.99,124.3,0.9,229.93,10.99,65.31,52.92,0.0,-0.91
4.67,5.09,13.87,9.0,0.91,3.82,4.15,462.72,104.09,0.82,194.81,11.03,65.47,52.85,0.0,-1.13
2.34,5.51,10.9,9.0,0.95,5.73,4.24,450.47,93.93,0.83,184.36,11.15,65.1,54.03,0.0,-1.31
2.34,5.5,7.62,9.0,0.95,5.73,4.22,492.15,122.9,0.89,224.89,11.08,65.27,53.44,0.0,-1.09
2.34,3.83,10.48,9.0,1.3,3.76,4.3,522.05,124.72,0.92,257.56,10.67,64.76,51.61,0.0,-0.55
3.32,4.82,5.98,9.0,0.93,5.73,4.36,481.03,116.91,0.87,216.32,10.95,64.76,53.3,0.0,-0.91
2.34,5.5,14.97,9.0,1.69,5.73,4.36,509.78,110.72,0.93,249.19,10.67,63.65,52.51,0.0,-0.67
2.75,5.5,10.25,9.0,0.95,5.73,4.17,450.43,93.16,0.81,184.36,11.15,65.02,53.87,0.0,-1.35
2.32,5.5,7.62,9.0,1.82,5.73,4.38,528.25,116.25,0.95,265.44,10.51,64.23,51.21,0.0,-0.38
2.34,5.5,12.91,9.0,1.18,4.18,4.23,486.86,111.14,0.88,220.71,10.99,65.08,53.33,0.0,-1.07
2.34,1.57,7.62,9.0,0.95,2.01,5.08,708.86,267.38,1.12,446.97,9.42,64.86,45.51,0.0,2.15
4.5,5.5,5.82,9.0,0.95,7.47,4.37,497.7,127.64,0.89,227.96,11.05,65.95,53.23,0.0,-0.91
4.37,3.09,7.62,9.0,1.24,3.64,4.42,546.49,146.21,0.95,283.59,10.46,64.39,50.74,0.0,-0.14
2.34,5.38,7.62,9.0,0.95,5.73,4.24,474.94,107.68,0.86,206.01,11.09,65.8,53.28,0.0,-1.13
3.75,4.0,9.52,9.0,0.95,5.73,4.12,457.26,96.2,0.81,189.84,11.01,65.38,52.8,0.0,-1.16
2.34,5.5,13.08,9.0,0.95,7.23,4.31,477.41,111.44,0.86,207.9,11.21,66.03,53.58,0.0,-1.17
1.44,5.5,13.5,9.0,1.44,5.73,4.28,480.89,112.93,0.89,218.15,10.86,64.24,52.74,0.0,-0.87
2.34,5.5,8.65,9.0,1.81,5.73,4.37,525.63,116.99,0.94,265.26,10.5,63.58,51.41,0.0,-0.4
2.34,5.5,7.62,9.0,1.01,7.12,4.16,463.4,98.29,0.82,195.03,11.09,65.65,52.95,0.0,-1.19
2.44,2.39,8.83,9.0,0.99,6.4,4.54,508.54,130.5,0.92,249.07,10.57,63.55,51.92,0.0,-0.32
4.44,5.5,7.68,9.0,0.95,5.21,4.18,449.25,91.38,0.81,182.68,11.1,65.2,53.79,0.0,-1.31
2.11,2.51,7.52,9.0,1.93,5.73,4.43,553.98,121.44,0.93,293.05,9.96,64.18,48.09,0.0,0.4
2.34,5.5,12.24,9.0,0.95,5.73,4.31,487.75,119.98,0.87,218.63,11.14,65.84,53.2,0.0,-1.05
2.34,1.78,7.62,9.0,1.58,5.73,4.73,624.66,179.36,1.03,364.53,9.82,64.18,47.3,0.0,1.05
2.34,5.5,5.73,9.0,2.0,5.73,4.37,513.83,108.39,0.93,257.55,10.33,62.42,51.13,0.0,-0.3
2.34,3.63,7.62,9.0,0.95,5.73,4.65,499.58,127.5,0.9,234.3,10.85,64.86,52.39,0.0,-0.47
4.81,5.5,8.48,9.0,0.95,2.21,4.71,588.75,197.76,1.04,321.26,10.69,65.38,52.33,0.0,-0.03
2.34,5.5,14.52,9.0,0.95,3.04,4.75,477.85,112.03,0.87,211.45,11.06,65.06,53.81,0.0,-0.76
3.12,5.5,7.43,9.0,1.29,5.73,4.19,496.95,111.0,0.87,227.73,10.88,66.09,52.0,0.0,-0.87
2.34,5.5,7.62,9.0,0.95,6.71,4.35,518.78,140.63,0.92,247.54,11.12,66.33,52.98,0.0,-0.89
2.34,1.79,13.87,9.0,0.95,5.73,4.93,654.0,236.6,1.11,388.22,10.23,65.88,48.57,0.0,1.03
2.34,5.51,5.6,9.0,1.82,2.12,4.31,513.64,104.48,0.91,258.71,10.13,61.96,50.13,0.0,-0.12
4.19,5.51,10.86,9.0,0.95,5.73,4.25,454.69,97.45,0.82,187.49,11.13,65.33,53.87,0.0,-1.26
1.38,5.51,13.87,9.0,0.95,5.73,4.42,516.61,147.0,0.94,248.92,11.17,65.44,53.65,0.0,-0.92
4.59,1.91,13.87,9.0,1.23,7.7,5.17,762.16,330.39,1.17,491.67,10.15,67.38,47.51,0.0,1.78
2.34,5.51,13.87,9.0,1.14,3.46,4.96,507.2,127.22,0.92,241.68,10.88,64.94,53.26,0.0,-0.36
2.34,5.51,14.94,9.0,0.95,5.73,4.24,452.07,93.42,0.82,184.1,11.2,65.49,53.48,0.0,-1.28
2.34,5.51,5.38,9.0,1.71,3.28,4.28,540.03,123.53,0.97,283.15,10.27,62.55,50.68,0.0,-0.21
2.34,4.18,13.87,9.0,1.76,2.11,4.38,541.15,120.49,0.96,284.37,10.14,62.57,49.98,0.0,0.02
4.82,5.51,13.66,9.0,0.88,7.17,4.25,469.29,112.31,0.83,200.85,11.23,65.61,53.52,0.0,-1.22
3.81,1.6,13.87,9.0,0.95,5.73,5.5,889.08,444.99,1.26,608.6,9.93,70.37,44.86,0.0,2.97
2.34,5.51,13.96,9.0,1.61,5.73,4.53,548.31,135.11,0.98,284.2,10.66,64.62,51.67,0.0,-0.33
2.34,5.51,7.99,9.0,1.96,5.73,4.05,464.54,79.35,0.82,204.58,10.48,63.58,50.91,0.0,-0.73
2.34,5.51,13.87,9.0,0.95,5.73,4.06,444.29,89.19,0.81,177.57,11.22,65.23,54.29,0.0,-1.55
1.81,3.85,13.87,9.0,0.74,5.73,4.21,453.58,98.51,0.82,186.18,11.13,65.3,53.09,37.0,4.0
1.47,5.51,12.78,9.0,1.9,5.73,4.46,579.85,175.69,1.02,314.79,10.45,65.19,50.22,0.0,0.08
4.11,3.11,7.0,9.0,0.95,5.73,4.4,512.62,140.17,0.92,248.95,10.74,64.56,52.63,0.0,-0.58
2.34,1.91,6.4,9.0,1.92,6.0,5.01,694.04,207.93,1.11,433.07,9.68,64.73,46.59,0.0,1.56
2.34,5.51,13.87,9.0,1.36,3.5,4.28,491.49,106.76,0.88,226.57,10.83,64.71,52.66,0.0,-0.87
2.34,5.51,13.87,9.0,0.82,4.52,4.41,507.25,141.31,0.93,238.77,11.16,65.59,53.4,6.0,4.0
2.47,3.47,7.18,9.0,0.95,6.26,4.74,485.29,114.03,0.87,219.86,10.89,64.95,52.47,0.0,-0.49
1.34,5.51,13.87,9.0,0.95,5.95,4.25,486.48,124.28,0.88,218.6,11.18,65.53,53.2,0.0,-1.1
1.27,2.39,9.29,9.0,0.95,3.5,4.48,507.19,127.22,0.91,248.2,10.38,63.42,50.6,0.0,-0.1
3.05,4.22,14.71,9.0,0.95,4.99,4.42,482.58,120.22,0.89,218.59,11.0,64.59,53.88,0.0,-0.95
3.32,3.47,7.18,9.0,0.95,6.26,4.28,454.9,94.8,0.81,190.35,10.91,64.77,52.97,0.0,-1.0
2.47,3.18,7.18,9.0,0.73,6.26,4.36,454.27,99.99,0.84,190.85,10.91,64.49,53.29,20.0,4.0
3.32,1.75,12.77,9.0,0.95,6.26,5.38,690.21,274.3,1.1,422.65,10.2,66.5,47.91,0.0,1.64
1.87,3.47,7.18,9.0,0.95,2.07,4.85,463.95,95.42,0.83,205.89,10.45,63.11,51.66,0.0,-0.12
2.47,2.66,7.18,9.0,1.88,6.26,5.07,570.6,134.3,1.0,314.16,10.01,62.72,49.19,0.0,0.78
3.19,3.47,9.95,9.0,0.95,2.06,4.4,491.28,117.96,0.89,231.68,10.5,63.46,51.5,0.0,-0.38
2.47,3.47,6.93,9.0,1.85,2.39,4.95,569.7,131.12,1.01,314.02,9.86,62.3,48.97,0.0,0.8
2.47,2.06,7.18,9.0,0.95,5.47,4.89,659.36,235.92,1.09,388.08,10.28,67.55,47.77,0.0,1.06
2.34,4.41,13.87,9.0,0.95,5.73,4.35,464.57,103.52,0.84,198.51,11.09,65.03,53.21,0.0,-1.05
3.62,5.04,13.87,9.0,0.95,5.73,4.41,503.73,135.95,0.91,236.29,11.06,65.4,53.19,0.0,-0.85
4.78,5.51,13.87,9.0,0.95,7.48,4.33,489.11,126.72,0.89,222.21,11.14,65.29,53.82,0.0,-1.08
2.34,4.76,13.87,9.0,0.74,5.73,4.23,433.53,85.23,0.79,166.5,11.26,65.19,54.32,16.0,4.0
1.97,4.31,13.87,9.0,0.59,6.03,4.15,421.71,77.91,0.76,153.57,11.32,65.44,54.07,73.0,4.0
2.34,5.51,13.87,9.0,1.12,5.73,4.21,505.36,123.76,0.89,235.16,11.03,66.21,52.51,0.0,-0.96
2.34,3.15,13.87,9.0,2.0,7.8,4.54,607.38,150.15,1.03,343.93,10.26,64.7,49.2,0.0,0.28
3.97,5.51,13.87,9.0,1.29,6.04,5.3,689.61,254.75,1.13,414.98,10.7,68.09,49.41,0.0,1.0
1.49,5.51,9.28,9.0,0.95,5.73,4.34,517.9,144.48,0.93,249.24,11.09,65.66,53.01,0.0,-0.87
2.34,4.98,13.87,9.0,1.57,5.73,4.56,542.67,133.11,0.97,279.35,10.7,64.38,51.99,0.0,-0.38
2.34,5.65,13.55,9.0,0.95,5.73,4.26,481.88,118.88,0.87,215.06,11.12,65.26,53.15,0.0,-1.07
2.34,5.06,7.83,9.0,0.95,5.45,4.23,478.85,114.75,0.88,215.14,11.06,64.41,53.88,0.0,-1.16
2.56,5.51,13.87,9.0,0.95,6.64,4.22,475.68,114.05,0.87,209.53,11.17,65.09,53.99,0.0,-1.25
2.34,5.51,13.87,9.0,0.95,5.3,4.29,445.19,88.71,0.81,177.6,11.19,65.33,53.77,0.0,-1.29
2.34,2.2,5.79,9.0,1.91,5.73,5.19,625.24,161.03,1.04,366.73,9.77,63.65,47.19,0.0,1.37
1.79,5.51,13.87,9.0,0.95,5.73,4.43,538.7,159.81,0.97,267.6,11.11,66.48,52.86,0.0,-0.73
2.63,2.91,13.87,9.0,1.04,5.73,4.66,561.79,173.88,1.03,298.22,10.69,64.55,52.03,0.0,-0.13
4.63,4.98,8.31,9.0,1.57,7.85,4.47,575.41,151.88,0.98,307.36,10.62,66.01,50.83,0.0,-0.18
2.34,3.67,13.87,9.0,0.84,5.73,4.91,484.58,121.05,0.89,218.59,11.02,64.98,53.18,0.0,-0.5
2.34,4.98,8.23,9.0,1.57,5.73,4.39,518.7,118.31,0.95,257.31,10.63,63.78,51.96,0.0,-0.53
2.34,4.24,12.91,9.0,1.77,5.73,4.31,510.6,103.35,0.91,248.3,10.54,64.09,51.59,0.0,-0.55
2.34,5.6,13.87,9.0,1.57,7.53,4.37,546.14,133.37,0.97,279.81,10.8,65.06,51.69,0.0,-0.55
4.06,5.17,13.87,9.0,1.88,5.73,4.37,511.45,103.22,0.91,249.57,10.54,63.92,51.61,0.0,-0.51
2.34,1.86,12.35,9.0,0.78,5.73,4.76,525.1,152.44,0.95,266.2,10.4,63.47,51.22,12.0,4.0
2.34,4.24,12.91,9.0,1.77,5.73,4.31,510.6,103.35,0.91,248.3,10.54,64.09,51.59,0.0,-0.55
4.25,4.24,7.67,9.0,1.63,5.73,4.79,568.36,143.19,0.97,300.44,10.48,65.74,50.5,0.0,0.15
4.86,4.11,12.91,9.0,1.81,5.73,4.45,557.92,134.78,0.98,294.58,10.39,64.58,50.48,0.0,-0.09
4.39,5.11,12.91,9.0,1.39,5.73,4.19,476.22,98.53,0.86,212.43,10.89,64.54,53.36,0.0,-1.09
2.34,5.52,9.24,9.0,0.79,5.73,3.99,437.44,87.03,0.79,170.49,11.24,65.25,54.16,4.0,4.0
2.34,3.57,11.65,9.0,1.77,5.73,4.33,551.34,124.61,0.96,288.99,10.43,64.17,50.7,0.0,-0.27
1.96,4.24,10.8,9.0,1.77,2.9,4.84,540.28,122.61,0.98,282.35,10.25,62.96,50.62,0.0,0.24
2.34,2.87,6.03,9.0,1.77,5.73,4.65,621.03,165.94,1.04,359.35,10.11,64.2,48.75,0.0,0.58
2.34,2.8,13.87,9.0,0.76,5.73,4.35,486.42,123.23,0.86,220.67,10.88,65.14,51.9,16.0,4.0
2.34,4.01,6.03,9.0,0.95,6.84,4.23,454.56,90.81,0.81,187.4,10.99,65.36,52.85,0.0,-1.09
1.34,5.51,5.2,9.0,0.95,5.73,4.79,468.88,105.76,0.84,201.44,11.04,65.47,53.04,0.0,-0.65
2.34,5.51,6.93,9.0,0.64,5.73,4.72,448.59,95.59,0.79,178.14,11.22,66.37,53.08,53.0,4.0
2.34,5.51,8.62,9.0,0.95,4.14,4.38,543.0,159.0,0.95,272.45,10.95,66.6,51.99,0.0,-0.57
3.04,4.88,12.05,9.0,0.98,4.78,4.28,474.56,109.71,0.86,209.02,11.09,64.84,53.49,0.0,-1.11
2.79,5.51,13.87,9.0,0.95,5.88,4.17,477.99,112.44,0.85,208.29,11.17,66.04,53.29,0.0,-1.21
2.34,1.81,8.61,9.0,0.95,2.2,4.78,550.78,150.14,0.97,294.94,9.83,62.53,49.55,0.0,0.69
2.34,5.51,13.87,9.0,1.54,5.88,4.31,547.88,133.88,0.96,280.46,10.75,65.61,51.42,0.0,-0.53
2.79,5.51,13.87,9.0,0.95,5.81,4.14,474.6,108.57,0.83,202.72,11.16,66.89,52.49,0.0,-1.15
2.79,1.74,4.37,9.0,0.87,5.73,4.65,557.81,167.09,0.98,299.58,10.04,63.37,49.18,0.0,0.58
2.72,5.22,8.86,9.0,0.95,5.88,4.18,489.29,118.03,0.85,218.54,11.08,66.76,52.3,0.0,-1.01
2.79,3.86,13.87,9.0,0.95,2.39,4.49,520.84,139.66,0.92,254.68,10.71,65.11,51.57,0.0,-0.36
2.84,1.79,12.03,9.0,1.26,5.88,5.17,799.92,333.78,1.22,524.54,9.96,68.68,45.3,0.0,2.18
1.89,5.51,9.16,9.0,0.95,2.27,4.66,464.36,97.62,0.85,199.84,10.88,64.64,53.27,0.0,-0.71
2.52,4.82,13.87,9.0,1.01,5.74,4.31,487.21,117.73,0.88,220.01,11.08,65.3,53.15,0.0,-1.01
2.34,5.51,13.67,9.0,0.95,6.22,4.18,445.51,89.66,0.81,178.66,11.22,65.26,54.12,0.0,-1.43
4.24,5.51,4.63,9.0,0.7,5.73,4.07,453.8,100.57,0.8,184.58,11.14,65.9,53.27,7.0,4.0
2.95,4.29,7.29,9.0,1.93,5.46,4.83,537.64,113.98,0.95,276.27,10.29,63.92,50.17,0.0,0.22
2.34,5.51,11.45,9.0,0.95,4.92,4.47,497.51,126.09,0.91,228.66,11.13,65.71,53.67,0.0,-0.95
2.34,5.51,13.87,9.0,0.95,4.88,4.25,470.4,107.65,0.86,203.91,11.15,65.18,53.69,0.0,-1.21
3.32,5.51,13.87,9.0,1.25,5.73,4.25,485.17,106.99,0.86,217.29,11.01,65.59,53.07,0.0,-1.05
2.34,5.51,13.87,9.0,1.86,5.73,4.44,552.14,133.84,0.97,289.19,10.52,64.28,51.13,0.0,-0.26
4.26,1.62,13.87,9.0,1.77,3.13,6.01,1123.84,570.0,1.49,850.87,9.12,68.46,42.46,0.0,4.67
1.78,5.51,13.87,9.0,0.77,5.02,4.1,447.42,92.08,0.8,177.97,11.24,65.97,53.49,24.0,4.0
2.34,5.51,13.87,9.0,0.95,6.7,4.26,468.69,108.48,0.85,201.75,11.21,65.25,53.84,0.0,-1.25
1.3,5.51,8.33,9.0,0.95,6.98,4.76,487.82,126.22,0.89,221.15,11.12,65.21,53.07,0.0,-0.64
2.34,5.32,13.87,9.0,1.78,5.73,4.25,494.55,96.83,0.89,231.68,10.63,64.15,51.72,0.0,-0.69
2.34,2.21,13.87,9.0,0.95,6.57,4.74,620.24,215.85,1.06,353.84,10.5,65.91,49.8,0.0,0.49
1.92,5.51,11.45,9.0,1.42,4.92,4.46,479.31,101.89,0.88,218.0,10.85,63.83,53.12,0.0,-0.81
2.34,2.94,13.17,9.0,0.95,4.41,4.67,530.03,148.14,0.96,265.41,10.73,64.9,52.03,0.0,-0.26
2.34,4.05,6.16,9.0,1.76,5.73,4.32,544.09,122.74,0.97,285.36,10.37,63.17,50.75,0.0,-0.26
2.34,5.51,13.87,9.0,0.95,5.73,4.06,444.29,89.19,0.81,177.57,11.22,65.23,54.29,0.0,-1.55
3.07,5.51,13.74,9.0,1.34,7.48,4.6,480.0,102.74,0.86,211.91,11.03,65.57,53.36,0.0,-0.84
1.73,5.51,9.0,9.0,0.95,6.23,4.21,501.05,128.24,0.89,230.84,11.15,66.11,52.91,0.0,-1.06
1.49,5.75,13.87,9.0,1.01,5.73,4.21,493.1,124.69,0.88,224.13,11.15,65.81,53.19,0.0,-1.11
3.62,5.51,4.16,9.0,0.52,5.73,4.65,471.43,123.4,0.84,203.53,11.12,65.62,53.22,89.0,4.0
3.59,2.48,13.38,9.0,0.95,5.73,4.76,549.26,170.68,0.97,286.24,10.61,64.45,52.2,0.0,-0.04
3.37,5.61,11.29,9.0,0.95,7.21,4.27,476.99,115.31,0.85,208.54,11.18,65.71,53.53,0.0,-1.16
2.34,4.62,7.39,9.0,0.95,5.73,4.05,470.61,104.4,0.83,202.61,11.04,65.59,52.76,1.0,4.0
1.49,3.32,13.87,9.0,0.62,5.73,4.15,420.4,75.39,0.77,155.46,11.12,64.77,53.79,84.0,4.0
3.46,5.75,9.32,9.0,0.89,4.69,4.28,482.94,118.74,0.86,213.6,11.11,65.92,53.35,0.0,-1.07
1.49,5.75,5.64,9.0,1.01,5.73,4.43,531.09,154.61,0.95,263.21,11.03,65.53,53.1,0.0,-0.73
4.46,5.75,4.04,9.0,0.65,5.73,4.14,501.61,143.51,0.89,232.29,11.08,65.92,52.67,37.0,4.0
3.01,3.37,13.94,9.0,0.95,5.71,4.57,551.0,167.17,0.97,281.57,10.82,66.42,51.25,0.0,-0.22
4.52,5.51,13.87,9.0,0.7,5.73,4.23,457.41,109.98,0.82,188.3,11.29,65.76,54.12,10.0,4.0
2.34,5.75,3.78,9.0,1.67,7.18,4.56,633.18,195.2,1.08,368.42,10.39,65.09,50.08,0.0,0.3
1.82,5.51,12.06,9.0,0.95,5.73,4.26,497.33,128.51,0.89,229.57,11.16,65.53,53.35,0.0,-1.08
2.08,3.37,13.94,9.0,0.95,6.86,4.6,552.54,171.54,0.98,284.04,10.79,65.97,51.85,0.0,-0.23
4.04,3.37,11.83,9.0,0.95,5.71,4.53,529.25,152.43,0.95,261.48,10.85,65.61,52.34,0.0,-0.46
2.96,3.4,13.58,9.0,0.95,7.6,4.49,501.59,131.82,0.9,235.25,10.94,65.26,52.61,0.0,-0.66
4.24,1.86,13.94,9.0,0.95,5.71,5.27,818.76,386.59,1.21,540.11,10.24,69.45,47.34,0.0,2.06
1.95,3.92,13.94,9.0,0.84,2.3,4.49,501.01,129.88,0.89,236.03,10.77,64.76,52.17,0.0,-0.51
3.82,3.37,12.68,9.0,0.95,5.83,4.7,497.41,132.09,0.9,232.38,10.85,64.89,52.78,0.0,-0.46
1.86,3.37,13.94,9.0,0.95,4.93,4.37,458.74,94.84,0.82,191.96,10.93,65.24,52.54,0.0,-0.89
2.03,3.37,13.94,9.0,0.95,2.76,4.38,483.21,112.19,0.88,219.66,10.7,64.49,52.26,0.0,-0.64
2.96,3.4,6.41,9.0,0.95,4.1,4.27,482.23,113.92,0.87,220.41,10.75,64.06,52.56,0.0,-0.78
2.96,3.4,13.58,9.0,0.95,3.68,4.45,480.65,115.87,0.89,218.99,10.81,64.03,53.23,0.0,-0.75
4.47,4.45,13.58,9.0,1.65,4.98,4.78,684.24,222.85,1.11,413.32,10.49,67.07,49.36,0.0,0.61
2.96,2.43,13.58,9.0,0.95,7.6,4.97,635.68,235.44,1.12,368.33,10.57,66.08,50.18,0.0,0.66
2.96,5.78,13.58,9.0,0.95,3.68,4.17,462.49,100.71,0.83,194.37,11.09,65.58,53.14,0.0,-1.2
2.27,3.4,13.58,9.0,0.95,4.56,4.42,516.97,138.56,0.91,250.15,10.84,65.57,51.72,0.0,-0.52
2.97,3.4,6.13,9.0,1.07,6.39,4.76,480.41,109.57,0.88,219.29,10.74,63.87,52.72,0.0,-0.43
2.96,3.4,13.58,9.0,0.66,3.22,4.34,460.2,108.06,0.83,196.37,10.88,64.47,52.63,28.0,4.0
2.34,5.51,8.98,9.0,0.83,5.73,4.15,472.78,112.92,0.86,205.11,11.17,65.43,53.51,3.0,4.0
4.71,3.63,13.87,9.0,1.39,6.08,4.52,539.5,141.78,0.97,276.15,10.69,64.36,52.34,0.0,-0.41
2.34,5.51,7.33,9.0,0.95,5.73,4.33,463.17,101.13,0.84,195.66,11.1,65.39,53.45,0.0,-1.11
2.34,5.51,4.69,9.0,1.83,5.73,4.43,560.8,135.83,0.99,299.63,10.4,63.79,50.83,0.0,-0.14
2.34,5.51,13.87,9.0,1.53,2.94,4.44,546.19,133.07,0.96,280.88,10.59,64.93,51.46,0.0,-0.34
2.34,5.51,13.87,9.0,1.07,5.73,4.54,520.05,141.45,0.94,253.91,11.05,65.08,53.39,0.0,-0.75
2.34,5.51,6.82,9.0,1.38,7.74,4.26,497.18,110.81,0.9,234.8,10.83,64.11,52.72,0.0,-0.87
4.75,4.53,5.71,9.0,0.95,7.63,4.34,500.13,132.36,0.91,234.94,10.99,64.82,53.34,0.0,-0.89
2.34,5.51,7.33,9.0,0.95,5.73,4.33,463.17,101.13,0.84,195.66,11.1,65.39,53.45,0.0,-1.11
2.34,5.51,5.45,9.0,1.8,5.73,4.24,528.56,114.7,0.94,267.09,10.45,63.91,51.06,0.0,-0.44
4.93,5.51,7.33,9.0,0.82,4.09,4.5,557.56,189.39,1.04,290.89,10.86,65.19,52.96,0.0,-0.41
3.32,3.73,5.63,9.0,1.13,6.49,4.28,463.71,96.98,0.84,203.61,10.77,63.62,52.82,0.0,-0.89
2.91,5.51,7.33,9.0,0.95,3.59,4.38,510.6,134.46,0.9,241.5,10.92,65.99,52.27,0.0,-0.68
2.34,5.51,11.23,9.0,0.95,5.73,4.12,452.28,93.76,0.82,184.67,11.15,65.47,53.22,0.0,-1.31
4.42,5.51,14.82,9.0,1.24,5.73,4.55,478.79,106.5,0.87,212.93,11.01,65.05,53.78,0.0,-0.9
2.34,5.31,7.33,9.0,0.95,5.73,4.19,447.34,90.1,0.82,182.59,11.12,64.77,54.27,0.0,-1.38
2.91,5.51,7.33,9.0,0.86,3.59,4.21,465.32,104.05,0.84,198.36,11.04,65.27,53.36,0.0,-1.15
2.91,3.73,10.66,9.0,0.95,6.71,4.36,503.78,132.39,0.9,236.57,10.97,65.41,52.89,0.0,-0.81
2.32,5.51,8.86,9.0,0.95,5.4,4.24,491.89,120.22,0.86,221.74,11.06,66.13,52.72,0.0,-0.99
1.93,1.69,7.33,9.0,0.95,3.59,4.75,521.06,134.86,0.94,267.79,9.96,61.83,50.5,0.0,0.41
2.91,5.51,7.33,9.0,0.81,3.59,4.26,501.87,135.41,0.89,233.48,11.02,65.61,53.02,3.0,4.0
2.91,5.51,7.33,9.0,0.95,7.89,4.22,444.92,89.98,0.8,178.34,11.19,65.21,54.06,0.0,-1.37
2.91,5.51,12.42,9.0,0.51,4.13,4.1,437.15,90.22,0.77,164.26,11.39,67.0,53.94,91.0,4.0
2.73,2.8,7.33,9.0,0.95,3.59,4.68,579.93,185.41,1.03,315.0,10.46,65.23,50.2,0.0,0.29
2.34,4.62,14.15,9.0,1.11,4.98,4.43,477.13,104.62,0.86,209.41,11.02,65.43,53.21,0.0,-0.94
2.34,5.36,13.87,9.0,0.95,2.47,4.65,528.4,149.48,0.96,263.03,10.91,64.87,53.38,0.0,-0.54
2.34,5.51,13.87,9.0,1.24,7.01,4.6,564.45,160.14,0.98,293.56,10.93,66.85,52.05,0.0,-0.39
2.34,1.64,14.61,9.0,0.95,2.38,4.9,538.32,143.49,0.96,283.08,9.84,62.36,50.33,0.0,0.66
4.32,3.4,11.08,9.0,1.96,2.29,4.89,628.76,167.36,1.02,367.53,9.78,64.13,47.6,0.0,1.11
2.47,5.51,13.87,9.0,0.95,3.59,4.51,517.89,141.31,0.93,248.59,11.04,65.86,53.12,0.0,-0.73
1.96,5.51,13.81,9.0,0.95,4.46,4.43,502.12,133.25,0.91,234.89,11.12,65.3,53.35,0.0,-0.9
2.34,2.38,13.87,9.0,0.95,5.18,4.61,529.62,148.12,0.95,267.42,10.59,64.21,51.7,0.0,-0.18
2.34,5.51,7.64,9.0,1.84,6.74,4.72,506.49,105.09,0.9,244.68,10.53,64.0,51.25,0.0,-0.18
2.34,5.51,10.89,9.0,1.93,5.73,4.32,506.64,105.49,0.92,247.13,10.51,63.29,51.57,0.0,-0.51
1.65,5.51,13.87,9.0,0.79,5.73,4.1,447.96,95.32,0.82,181.16,11.24,65.17,53.71,17.0,4.0
3.11,5.51,8.1,9.0,0.95,5.73,4.11,457.69,98.1,0.82,189.81,11.12,65.5,53.55,0.0,-1.32
2.34,4.38,10.21,9.0,0.67,5.73,4.24,447.31,93.85,0.79,177.28,11.15,66.2,52.48,39.0,4.0
2.34,5.51,12.76,9.0,1.06,5.73,4.54,454.39,88.28,0.8,183.64,11.13,66.23,52.87,0.0,-0.95
3.43,5.51,13.81,9.0,1.16,5.73,4.47,460.87,95.14,0.84,194.34,11.06,65.14,53.41,0.0,-1.0
2.34,5.51,12.97,9.0,0.95,6.34,4.11,475.43,109.59,0.85,205.19,11.2,66.44,53.14,0.0,-1.27
2.34,2.53,13.87,9.0,0.95,4.77,4.43,486.72,116.51,0.89,226.55,10.65,63.69,52.25,0.0,-0.55
3.87,5.51,13.87,9.0,0.55,3.97,4.09,443.74,98.4,0.78,172.14,11.31,66.65,53.61,56.0,4.0
2.03,5.51,13.87,9.0,0.95,5.73,4.48,495.77,125.07,0.89,225.21,11.16,66.18,53.3,0.0,-0.92
3.15,1.47,8.48,9.0,1.09,2.72,5.29,796.57,345.01,1.19,528.54,9.46,66.93,44.8,0.0,2.69
2.52,4.75,13.87,9.0,0.95,2.61,4.23,498.43,124.55,0.89,233.01,10.87,64.88,52.05,0.0,-0.78
1.66,5.51,13.87,9.0,0.95,7.13,4.28,491.5,125.46,0.89,223.11,11.2,65.66,53.47,0.0,-1.12
4.14,2.56,11.0,9.0,0.95,5.73,4.78,569.18,185.66,1.04,306.44,10.58,64.36,51.89,0.0,0.09
3.96,5.51,13.87,9.0,1.88,7.42,4.83,695.11,222.63,1.11,422.51,10.51,67.38,49.19,0.0,0.65
4.14,2.56,11.0,9.0,1.71,6.33,5.03,698.56,236.4,1.12,431.45,10.12,66.29,48.13,0.0,1.23
3.67,2.56,11.0,9.0,0.95,3.96,5.19,608.04,214.65,1.06,343.42,10.43,64.91,50.92,0.0,0.74
4.14,3.8,3.78,9.0,0.95,7.7,4.12,462.34,98.61,0.82,198.4,10.84,64.6,52.35,0.0,-0.99
3.39,3.93,11.0,9.0,0.95,5.73,4.36,521.02,145.07,0.92,252.49,10.92,65.83,52.38,0.0,-0.67
4.14,2.56,11.97,9.0,0.95,3.21,4.58,532.36,155.32,0.96,272.09,10.43,63.76,51.4,0.0,-0.03
5.0,2.31,7.57,9.0,0.79,5.73,4.86,616.83,233.98,1.08,351.1,10.48,65.61,50.52,0.0,0.58
1.42,2.56,11.0,9.0,0.95,5.73,4.92,491.94,119.6,0.91,231.52,10.68,63.77,52.69,0.0,-0.23
3.38,3.44,11.5,9.0,1.57,2.07,4.71,626.74,182.17,1.01,363.92,10.01,64.61,48.68,0.0,0.76
3.67,5.51,13.87,9.0,0.95,5.73,4.35,523.2,146.46,0.92,251.07,11.06,67.24,52.18,0.0,-0.73
2.34,5.03,13.87,9.0,1.27,7.77,4.45,531.12,136.66,0.94,261.07,10.96,66.14,52.57,0.0,-0.68
4.59,5.51,13.87,9.0,0.95,6.31,4.5,486.63,124.16,0.88,218.81,11.09,65.47,53.59,0.0,-0.9
3.29,5.51,9.79,9.0,0.95,5.73,4.18,477.93,112.77,0.85,209.05,11.12,65.74,53.36,0.0,-1.18
1.5,3.97,5.46,9.0,0.95,2.61,4.08,456.17,87.63,0.81,193.13,10.68,64.34,51.87,0.0,-0.91
2.34,5.51,8.29,9.0,0.95,7.86,4.31,493.14,122.35,0.88,222.68,11.13,66.16,52.93,0.0,-1.0
2.34,5.73,13.87,9.0,0.95,5.73,4.34,491.92,122.59,0.88,222.37,11.16,65.9,53.06,0.0,-1.01
2.34,3.57,13.87,9.0,0.95,2.09,4.31,484.31,110.67,0.87,222.27,10.6,64.09,51.91,0.0,-0.59
3.26,3.91,11.69,9.0,0.95,5.98,4.3,486.42,119.41,0.86,219.05,10.96,65.56,52.25,0.0,-0.83
2.39,4.14,13.87,9.0,0.95,2.42,4.54,510.37,132.49,0.93,245.51,10.79,64.77,52.82,0.0,-0.55
2.34,2.92,13.87,9.0,0.95,6.31,4.56,479.29,112.49,0.88,216.03,10.87,64.46,52.92,0.0,-0.68
2.71,5.51,14.92,9.0,0.95,5.91,4.21,448.62,89.37,0.79,178.86,11.18,66.07,53.11,0.0,-1.26
2.34,5.51,11.61,9.0,0.95,6.31,4.68,448.55,92.08,0.81,181.24,11.2,65.37,53.84,0.0,-0.99
2.83,5.51,13.87,9.0,0.7,5.95,4.17,507.99,142.28,0.85,231.14,11.25,68.48,51.55,37.0,4.0
4.59,5.26,6.55,9.0,0.84,6.7,4.36,468.04,107.43,0.82,196.55,11.09,66.61,52.83,0.0,-0.98
4.59,1.91,11.13,9.0,1.0,7.41,4.93,615.84,221.5,1.03,352.79,10.34,64.98,50.21,0.0,0.71
2.59,1.54,14.34,9.0,0.96,5.73,5.06,640.24,229.49,1.11,377.69,10.06,64.81,48.68,0.0,1.2
4.73,5.51,7.51,9.0,0.94,2.28,4.27,472.58,105.72,0.85,208.36,10.83,64.57,53.04,0.0,-0.92
2.8,4.73,10.91,9.0,0.95,5.82,4.47,513.09,140.03,0.92,245.17,11.05,65.5,53.21,0.0,-0.78
4.69,2.86,5.2,9.0,0.95,5.57,4.5,535.77,156.89,0.95,271.45,10.55,64.9,50.89,0.0,-0.1
2.34,5.53,13.87,9.0,0.95,6.39,4.83,465.78,105.31,0.86,197.97,11.18,65.45,54.2,0.0,-0.85
3.42,5.51,13.87,9.0,1.41,5.73,4.39,522.09,126.66,0.94,256.03,10.86,65.14,52.68,0.0,-0.72
2.34,3.83,13.87,9.0,0.95,5.74,4.43,475.8,112.06,0.88,210.69,11.03,64.83,53.81,0.0,-0.99
2.34,1.62,13.87,9.0,0.95,5.57,4.81,544.87,155.0,0.96,286.0,10.18,63.69,49.91,0.0,0.48
2.34,5.51,13.87,9.0,0.95,5.73,4.06,444.29,89.19,0.81,177.57,11.22,65.23,54.29,0.0,-1.55
1.57,4.79,13.87,9.0,0.95,6.46,4.21,468.77,108.04,0.86,202.17,11.17,65.19,53.63,0.0,-1.24
2.29,4.44,12.54,9.0,1.13,5.73,4.48,540.33,149.32,0.96,271.78,10.93,65.87,52.37,0.0,-0.56
2.34,5.51,13.87,9.0,0.95,5.73,4.06,444.29,89.19,0.81,177.57,11.22,65.23,54.29,0.0,-1.55
2.34,3.03,13.87,9.0,1.14,3.73,4.56,539.9,145.47,0.97,276.38,10.6,64.55,51.54,0.0,-0.21
2.34,3.12,13.87,9.0,0.95,5.73,4.57,520.82,142.24,0.93,254.58,10.85,65.31,52.07,0.0,-0.44
4.59,5.51,8.25,9.0,0.68,3.86,4.56,481.49,128.63,0.88,214.04,11.07,65.35,53.7,12.0,4.0
2.34,2.46,13.7,9.0,0.95,7.44,4.5,492.82,123.03,0.9,232.01,10.7,63.88,52.62,0.0,-0.54
4.8,5.02,13.87,9.0,1.91,5.17,4.38,552.2,129.44,0.96,289.37,10.39,64.26,50.58,0.0,-0.17
2.34,3.9,13.87,9.0,0.59,5.73,4.2,435.43,88.53,0.78,166.14,11.24,65.83,53.47,77.0,4.0
2.34,5.51,13.03,9.0,0.95,3.17,4.3,460.35,96.26,0.81,191.3,11.07,65.82,52.79,0.0,-1.06
2.34,1.83,9.68,9.0,1.06,5.73,4.79,565.02,163.94,0.98,304.06,10.19,64.37,49.51,0.0,0.54
2.34,2.26,7.11,9.0,1.17,5.33,4.42,521.76,130.01,0.92,263.76,10.33,63.18,50.58,0.0,-0.1
4.35,3.14,13.14,9.0,1.06,6.37,4.52,566.13,175.61,0.96,296.56,10.72,66.62,50.82,0.0,-0.11
1.65,4.34,14.8,9.0,0.95,5.73,4.34,473.52,108.85,0.85,206.02,11.07,65.48,52.65,0.0,-0.96
4.93,5.51,12.54,9.0,0.95,6.97,4.27,490.16,125.78,0.88,222.79,11.13,65.45,53.48,0.0,-1.08
2.43,5.51,13.87,9.0,0.95,4.6,4.28,487.94,118.05,0.87,218.4,11.15,65.94,53.04,0.0,-1.06
2.34,5.51,10.0,9.0,1.91,2.28,4.22,491.89,92.45,0.88,236.63,10.2,62.07,50.27,0.0,-0.3
1.53,5.51,10.11,9.0,0.95,7.24,4.66,450.25,92.44,0.82,183.48,11.17,65.23,53.58,0.0,-0.95
2.34,1.99,13.87,9.0,0.95,3.05,4.78,571.27,173.57,1.01,311.26,10.18,63.76,49.9,0.0,0.53
2.34,4.06,8.77,9.0,0.64,3.78,4.72,442.97,91.31,0.79,175.57,11.06,65.27,53.1,47.0,4.0
2.34,5.51,12.41,9.0,0.95,5.73,4.39,481.44,116.92,0.88,214.78,11.15,65.23,53.82,0.0,-1.08
2.34,5.51,13.87,9.0,0.76,5.73,4.42,475.34,119.03,0.85,206.3,11.2,65.9,53.17,15.0,4.0
2.34,1.82,13.87,9.0,0.95,5.73,4.83,555.73,166.74,0.99,296.59,10.31,63.52,50.9,0.0,0.34
2.34,4.06,8.77,9.0,0.64,3.78,4.72,442.97,91.31,0.79,175.57,11.06,65.27,53.1,47.0,4.0
1.9,4.06,10.75,9.0,1.17,5.27,4.31,487.52,110.03,0.88,222.67,10.9,64.76,52.69,0.0,-0.88
2.34,4.06,5.44,9.0,0.64,3.78,4.19,438.71,86.57,0.8,173.45,11.01,64.75,53.71,37.0,4.0
2.34,4.06,8.77,9.0,1.41,4.22,4.64,553.75,143.33,0.99,289.37,10.56,64.68,51.76,0.0,-0.16
2.34,4.06,11.27,9.0,0.64,3.78,4.25,440.14,88.98,0.78,171.33,11.1,65.64,52.8,42.0,4.0
2.34,2.7,8.61,9.0,1.28,3.78,4.54,606.32,179.99,1.03,341.85,10.27,65.17,49.34,0.0,0.38
2.34,4.06,8.16,9.0,0.82,3.78,4.23,483.66,117.7,0.87,216.69,10.95,65.26,52.6,4.0,4.0
4.26,4.06,14.93,9.0,0.64,3.78,4.17,455.45,107.1,0.81,186.67,11.1,65.63,53.4,11.0,4.0
2.08,5.51,13.87,9.0,0.95,5.73,4.42,463.78,102.2,0.83,194.63,11.19,65.84,53.41,0.0,-1.09
2.34,3.97,6.09,9.0,0.69,5.73,4.0,441.68,87.79,0.78,174.23,11.1,65.39,53.14,23.0,4.0
1.73,4.05,9.71,9.0,1.93,6.57,4.45,593.02,154.14,1.02,328.26,10.33,65.32,49.52,0.0,0.15
2.66,2.84,13.87,9.0,1.93,2.6,4.51,614.69,159.32,1.04,355.28,9.83,63.66,47.64,0.0,0.75
2.34,5.51,7.44,9.0,0.95,5.73,4.22,461.37,99.72,0.84,194.35,11.12,65.26,53.51,0.0,-1.22
2.34,5.51,11.29,9.0,1.53,4.93,4.37,526.02,123.24,0.96,263.91,10.7,64.09,52.17,0.0,-0.59
2.34,5.13,12.41,9.0,0.95,5.73,4.22,452.84,94.07,0.82,185.61,11.17,65.26,53.89,0.0,-1.32
2.34,5.51,13.87,9.0,0.84,7.18,4.44,493.48,128.27,0.89,223.4,11.24,66.04,53.41,2.0,4.0
3.35,5.51,13.87,9.0,0.95,7.2,4.21,477.27,115.56,0.84,208.07,11.17,65.95,53.32,0.0,-1.17
1.59,5.51,7.93,9.0,0.95,2.05,4.48,571.75,181.71,1.04,304.51,10.73,65.33,51.92,0.0,-0.25
2.04,5.51,7.44,9.0,0.86,3.55,4.28,507.27,137.72,0.9,239.45,11.03,65.46,53.32,0.0,-0.94
2.34,5.51,10.31,9.0,0.95,7.95,4.16,468.44,106.58,0.85,201.12,11.21,65.29,53.92,0.0,-1.35
1.87,3.43,3.96,9.0,0.95,5.73,4.65,573.09,182.38,1.05,308.1,10.6,64.85,51.17,0.0,0.05
4.13,4.62,10.72,9.0,1.89,5.73,4.39,513.92,103.93,0.92,255.53,10.42,63.05,51.26,0.0,-0.37
2.34,5.51,4.36,9.0,0.95,7.29,4.2,463.33,99.9,0.86,197.91,11.03,64.89,53.68,0.0,-1.2
2.84,1.6,7.44,9.0,0.73,6.97,4.86,573.71,190.32,1.02,315.45,10.13,63.62,49.71,6.0,4.0
2.34,5.7,13.87,9.0,0.95,5.73,4.2,453.32,94.97,0.83,186.66,11.18,65.2,53.83,0.0,-1.33
4.74,5.2,14.78,9.0,0.95,5.73,4.35,490.73,126.4,0.89,223.39,11.11,65.37,53.79,0.0,-1.04
3.4,5.51,13.87,9.0,0.95,4.44,4.68,503.3,133.6,0.91,234.06,11.04,65.81,53.45,0.0,-0.67
2.34,3.87,13.87,9.0,1.93,7.85,4.47,555.18,123.75,0.97,292.73,10.45,64.19,50.84,0.0,-0.2
2.34,2.52,11.74,9.0,0.95,5.73,4.64,539.38,157.13,0.99,277.51,10.61,64.13,51.99,0.0,-0.16
2.34,3.2,4.65,9.0,0.98,5.73,4.99,543.2,152.22,0.95,276.13,10.63,65.46,51.02,0.0,0.19
2.34,5.51,13.87,9.0,1.62,5.73,4.21,515.2,112.81,0.91,251.52,10.74,64.55,51.58,0.0,-0.71
2.34,5.51,13.87,9.0,0.95,5.73,4.06,444.29,89.19,0.81,177.57,11.22,65.23,54.29,0.0,-1.55
2.34,3.79,11.68,9.0,1.65,4.1,4.67,503.16,104.33,0.89,243.5,10.44,63.48,51.0,0.0,-0.13
2.34,5.75,13.87,9.0,1.55,5.73,4.45,580.04,153.67,1.01,312.25,10.74,65.74,51.54,0.0,-0.35
3.57,5.51,12.07,9.0,0.6,4.29,4.09,465.24,115.76,0.83,193.95,11.25,66.39,53.32,52.0,4.0
2.34,4.2,13.96,9.0,0.95,5.73,4.48,503.89,130.36,0.91,235.86,11.03,65.57,52.9,0.0,-0.77
3.01,2.59,13.87,9.0,1.71,6.18,5.27,851.91,349.8,1.31,577.47,10.04,68.45,46.59,0.0,2.12
4.05,4.02,13.87,9.0,0.95,5.73,4.39,472.46,113.06,0.87,208.03,11.02,64.71,53.78,0.0,-1.01
2.34,3.68,10.7,9.0,0.95,6.67,4.74,506.31,133.19,0.91,239.99,10.97,65.11,53.03,0.0,-0.53
2.34,5.51,10.33,9.0,0.95,6.24,4.21,463.78,102.41,0.85,196.79,11.19,65.22,53.96,0.0,-1.32
1.73,2.2,13.87,9.0,1.17,2.43,4.55,536.53,135.99,0.94,279.65,10.08,62.93,49.96,0.0,0.25
2.34,5.51,14.87,9.0,1.9,6.52,4.3,504.87,104.01,0.9,241.97,10.61,64.2,51.52,0.0,-0.59
2.34,5.51,13.87,9.0,0.75,7.54,4.16,468.24,110.28,0.83,196.79,11.3,66.44,53.19,27.0,4.0
2.34,3.44,14.79,9.0,0.95,5.73,4.62,526.52,146.57,0.95,259.37,10.91,65.43,52.42,0.0,-0.46
4.88,5.77,13.87,9.0,0.95,5.73,4.81,659.77,262.67,1.13,385.07,10.89,68.01,51.26,0.0,0.32
2.72,5.51,13.87,9.0,0.95,2.99,4.13,442.89,85.42,0.81,178.09,11.06,64.74,54.2,0.0,-1.4
2.34,5.51,13.87,9.0,0.95,5.73,4.06,444.29,89.19,0.81,177.57,11.22,65.23,54.29,0.0,-1.55
2.34,5.51,13.87,9.0,0.95,4.61,4.3,475.42,111.06,0.86,208.22,11.12,65.3,53.69,0.0,-1.14
4.04,2.84,13.87,9.0,1.2,4.61,4.63,587.63,181.82,1.01,318.93,10.55,66.21,50.47,0.0,0.15
2.12,3.27,13.87,9.0,0.95,4.61,4.59,524.18,146.56,0.95,258.7,10.79,64.93,52.84,0.0,-0.46
2.88,5.51,13.87,9.0,1.25,4.61,4.38,545.74,151.17,0.99,279.74,10.9,65.08,52.73,0.0,-0.66
2.34,4.84,8.68,9.0,0.95,4.61,4.15,502.44,129.74,0.89,234.4,10.95,65.77,52.02,0.0,-0.87
2.34,5.51,13.87,9.0,0.95,4.61,4.3,475.42,111.06,0.86,208.22,11.12,65.3,53.69,0.0,-1.14
2.6,4.56,13.87,9.0,0.95,2.86,4.33,465.77,101.69,0.84,200.73,10.94,64.72,53.21,0.0,-0.98
2.34,5.51,6.29,9.0,0.71,4.61,4.19,428.11,81.82,0.79,163.79,11.19,64.59,54.25,24.0,4.0
3.04,5.51,4.74,9.0,0.95,5.33,4.75,497.21,126.5,0.9,231.92,10.96,64.79,53.51,0.0,-0.6
4.88,1.96,13.87,9.0,0.95,5.73,5.48,780.06,365.77,1.32,510.27,10.14,67.24,48.32,0.0,2.08
2.44,5.51,13.87,9.0,0.95,2.86,4.27,468.78,102.13,0.85,201.0,11.06,65.44,53.1,0.0,-1.09
2.62,4.56,11.94,9.0,0.95,5.95,4.14,471.98,105.81,0.84,202.41,11.1,66.19,52.44,0.0,-1.12
2.34,5.51,13.87,9.0,0.95,5.73,4.06,444.29,89.19,0.81,177.57,11.22,65.23,54.29,0.0,-1.55
2.34,2.28,13.87,9.0,0.95,6.79,5.1,559.08,170.29,0.99,294.65,10.54,65.25,50.54,0.0,0.46
2.28,5.51,4.07,9.0,1.48,5.73,4.22,508.2,111.57,0.9,246.93,10.59,63.69,51.71,0.0,-0.63
2.0,2.55,10.12,9.0,0.95,2.86,4.76,571.67,179.38,1.03,312.75,10.29,63.43,50.52,0.0,0.4
2.34,5.51,13.87,9.0,0.95,3.57,4.31,459.73,98.83,0.84,193.3,11.13,65.14,53.92,0.0,-1.21
2.34,2.8,13.87,9.0,0.82,4.5,4.57,536.46,160.33,0.95,271.43,10.73,64.83,51.76,4.0,4.0
4.6,5.51,10.38,9.0,1.74,5.73,4.68,647.9,199.1,1.08,379.8,10.45,66.21,49.72,0.0,0.41
2.34,4.35,6.58,9.0,0.68,5.73,4.69,447.85,98.08,0.82,183.16,11.09,64.7,53.67,46.0,4.0
4.31,5.51,4.26,9.0,0.91,3.66,4.55,575.67,190.76,1.05,307.94,10.78,65.53,52.64,0.0,-0.28
2.34,5.51,13.55,9.0,1.72,2.12,4.48,536.9,122.27,0.97,279.68,10.31,62.71,50.74,0.0,-0.1
2.34,5.51,13.77,9.0,0.95,5.73,4.3,460.13,96.73,0.82,189.47,11.21,66.19,53.29,0.0,-1.2
3.98,5.51,14.04,9.0,0.95,7.92,4.32,505.65,136.79,0.9,235.83,11.16,66.08,53.41,0.0,-1.01
4.27,2.8,13.87,9.0,0.95,5.73,4.58,541.04,167.36,0.98,278.28,10.69,64.39,52.49,0.0,-0.28
2.62,3.78,11.94,9.0,0.95,5.09,4.84,499.33,126.99,0.91,233.18,10.94,65.07,52.96,0.0,-0.45
2.62,4.56,6.85,9.0,1.21,5.5,4.76,533.5,134.38,0.93,263.63,10.76,66.52,51.39,0.0,-0.19
2.62,5.74,11.94,9.0,0.95,5.95,4.43,515.01,138.88,0.93,244.76,11.12,66.19,53.28,0.0,-0.87
2.62,4.56,10.0,9.0,1.1,6.9,4.35,538.05,148.78,0.99,270.88,10.93,65.34,53.07,0.0,-0.75
2.62,4.22,5.21,9.0,0.95,6.06,4.6,467.76,99.63,0.83,200.02,10.91,65.51,52.61,0.0,-0.69
2.46,4.56,11.94,9.0,0.95,5.36,4.24,462.16,97.64,0.83,194.19,11.1,65.48,53.07,0.0,-1.15
2.62,4.56,11.94,9.0,0.95,5.95,4.14,471.98,105.81,0.84,202.41,11.1,66.19,52.44,0.0,-1.12
2.62,1.56,11.94,9.0,0.9,5.95,4.98,582.29,190.91,1.05,325.04,10.11,63.1,49.91,0.0,0.8
2.31,4.22,9.15,9.0,0.95,6.06,4.3,457.46,97.08,0.83,191.43,11.04,65.02,53.42,0.0,-1.11
2.79,4.22,5.21,9.0,0.78,6.07,4.23,476.81,117.53,0.86,211.56,11.02,64.87,53.37,1.0,4.0
2.62,4.22,5.21,9.0,0.95,6.06,4.6,467.76,99.63,0.83,200.02,10.91,65.51,52.61,0.0,-0.69
2.62,4.22,5.21,9.0,0.95,6.52,4.08,460.02,96.21,0.82,193.72,10.97,65.12,52.82,0.0,-1.17
2.62,2.14,7.69,9.0,0.95,4.27,4.81,587.79,188.36,1.02,323.18,10.28,65.3,49.37,0.0,0.62
2.59,5.67,8.53,9.0,1.11,4.16,4.17,498.71,118.57,0.87,231.3,10.96,65.46,52.57,0.0,-0.97
2.62,5.24,10.82,9.0,0.95,6.06,4.17,481.19,113.42,0.86,211.2,11.1,66.15,52.89,0.0,-1.12
2.62,4.22,8.48,9.0,0.95,6.06,4.3,518.22,142.26,0.93,252.21,10.95,65.04,52.8,0.0,-0.8
3.3,5.51,13.87,9.0,0.95,2.12,4.38,489.9,120.0,0.89,225.02,10.85,64.71,53.21,0.0,-0.81
2.34,5.51,13.87,9.0,0.95,7.93,4.29,470.48,109.39,0.85,202.89,11.19,65.45,53.46,0.0,-1.17
2.34,5.51,7.35,9.0,0.95,2.63,4.2,496.16,120.39,0.87,228.57,10.87,65.47,52.15,0.0,-0.84
4.46,5.51,10.2,9.0,0.95,5.16,4.15,484.25,117.7,0.87,216.18,11.08,65.54,53.38,0.0,-1.16
2.34,5.51,13.87,9.0,0.61,5.73,4.1,434.13,86.93,0.77,163.12,11.35,66.45,53.47,70.0,4.0
1.94,5.51,13.87,9.0,0.95,4.23,4.87,454.59,95.45,0.84,187.61,11.17,65.29,53.87,0.0,-0.81
2.78,5.51,13.87,9.0,0.95,5.73,4.36,475.96,111.41,0.85,207.03,11.17,65.85,53.46,0.0,-1.09
3.27,3.12,13.87,9.0,1.5,7.65,4.54,537.24,136.5,0.96,275.33,10.59,64.06,51.45,0.0,-0.25
2.34,5.51,13.87,9.0,0.95,7.18,4.77,494.75,126.11,0.89,226.08,11.19,65.72,53.61,0.0,-0.74
2.34,4.46,13.47,9.0,1.53,5.73,4.71,490.82,105.53,0.89,232.17,10.69,63.21,52.25,0.0,-0.4
2.76,5.51,12.29,9.0,0.93,5.73,4.75,472.08,109.37,0.86,203.89,11.16,65.53,53.92,0.0,-0.85
2.34,3.83,4.67,9.0,0.95,5.97,4.62,458.94,96.2,0.85,197.82,10.83,63.82,53.08,0.0,-0.7
2.34,3.37,13.87,9.0,1.86,4.97,4.48,574.28,137.41,0.99,312.64,10.3,64.11,49.99,0.0,0.06
2.34,4.32,13.87,9.0,0.95,5.73,4.43,493.35,124.1,0.89,225.83,11.04,65.35,52.98,0.0,-0.85
2.34,4.75,13.87,9.0,0.95,5.73,4.62,468.15,107.14,0.86,202.48,11.11,64.93,53.65,0.0,-0.89
2.34,5.51,13.87,9.0,0.95,7.32,4.49,507.32,136.13,0.92,238.78,11.17,65.78,53.52,0.0,-0.9
2.34,5.52,13.87,9.0,0.95,5.12,4.74,464.98,102.42,0.85,196.46,11.16,65.63,53.62,0.0,-0.85
2.34,5.51,13.87,9.0,1.03,3.24,4.29,473.02,103.0,0.84,204.11,11.02,65.72,53.16,0.0,-1.05
2.34,5.51,13.87,9.0,1.23,4.82,4.58,463.32,91.19,0.83,195.24,11.03,65.56,53.16,0.0,-0.88
1.94,5.51,14.94,9.0,0.95,5.73,4.38,487.28,119.56,0.87,217.2,11.19,66.04,52.91,0.0,-0.99
4.55,5.51,8.8,9.0,0.95,4.82,4.52,478.36,112.82,0.85,210.07,11.02,65.65,53.03,0.0,-0.82
2.34,5.51,4.92,9.0,0.51,3.02,4.0,432.66,82.88,0.77,164.39,11.16,65.56,53.12,90.0,4.0
2.34,5.51,13.87,9.0,0.95,6.96,5.17,488.53,121.98,0.88,219.11,11.13,65.98,52.93,0.0,-0.33
3.15,5.51,13.87,9.0,1.93,5.73,4.35,522.82,108.25,0.92,260.39,10.51,64.11,51.13,0.0,-0.43
2.34,3.56,13.87,9.0,0.95,6.96,4.92,507.48,134.03,0.91,240.5,11.01,65.37,52.83,0.0,-0.39
2.34,5.51,14.93,9.0,1.1,6.96,4.09,453.3,91.39,0.82,186.24,11.15,65.31,53.83,0.0,-1.42
2.84,4.98,13.87,9.0,0.95,6.96,4.37,494.78,126.29,0.87,225.48,11.13,66.05,52.98,0.0,-0.94
2.34,5.51,13.87,9.0,0.95,5.53,4.32,452.65,93.88,0.83,185.01,11.22,65.47,54.37,0.0,-1.33
2.55,5.51,8.08,9.0,1.35,5.12,4.9,518.91,121.89,0.93,253.24,10.81,64.93,52.51,0.0,-0.29
4.86,5.51,10.99,9.0,0.95,4.57,4.36,490.6,126.03,0.9,225.72,11.04,64.81,53.82,0.0,-0.99
2.34,5.51,4.08,9.0,1.04,6.96,4.4,480.75,110.27,0.87,215.6,10.97,64.85,53.56,0.0,-0.95
2.34,5.51,13.87,9.0,1.76,7.34,4.34,513.65,111.82,0.92,251.28,10.66,64.15,51.61,0.0,-0.57
2.34,2.09,13.87,9.0,1.04,5.73,4.9,573.18,175.0,1.01,311.13,10.39,64.47,50.49,0.0,0.43
2.11,3.49,4.08,9.0,0.98,5.83,4.23,465.8,97.66,0.83,203.3,10.75,64.19,52.06,1.0,4.0
2.34,1.52,14.92,9.0,0.95,5.73,5.25,691.82,270.96,1.13,428.02,9.96,65.42,47.84,0.0,1.68
4.51,1.63,9.38,9.0,1.04,6.96,4.92,671.34,253.98,1.07,405.91,10.06,66.08,47.57,0.0,1.32
2.34,5.51,4.69,9.0,1.04,6.96,4.28,489.3,112.0,0.87,219.66,11.0,65.99,52.94,0.0,-0.98
2.4,5.51,7.98,9.0,1.04,6.96,4.15,461.95,98.21,0.84,195.46,11.12,65.19,53.62,0.0,-1.3
1.28,5.51,10.55,9.0,1.04,6.96,4.39,492.73,131.14,0.91,225.67,11.15,65.25,54.15,0.0,-1.06
4.87,5.51,4.08,9.0,1.04,7.1,4.38,540.74,154.61,0.99,272.29,10.88,65.72,52.95,0.0,-0.66
1.28,2.09,13.87,9.0,0.65,7.54,4.36,440.14,88.58,0.81,180.71,10.68,63.48,52.72,79.0,4.0
2.34,5.51,13.87,9.0,0.95,5.73,4.06,444.29,89.19,0.81,177.57,11.22,65.23,54.29,0.0,-1.55
2.36,5.55,13.87,9.0,0.73,5.73,4.31,451.23,98.69,0.82,181.39,11.27,66.02,53.53,26.0,4.0
2.34,5.51,13.87,9.0,0.95,5.73,4.06,444.29,89.19,0.81,177.57,11.22,65.23,54.29,0.0,-1.55
2.34,2.39,13.87,9.0,0.95,3.86,4.76,553.26,165.07,1.0,292.35,10.45,63.89,51.16,0.0,0.16
4.86,5.51,13.03,9.0,0.68,5.73,4.15,478.22,123.61,0.83,204.4,11.25,67.44,52.69,13.0,4.0
3.08,5.51,9.86,9.0,1.53,5.73,4.25,539.12,134.59,0.96,274.1,10.71,64.87,51.63,0.0,-0.58
2.34,2.1,4.66,9.0,1.04,5.73,4.41,500.79,118.66,0.9,245.61,10.25,62.49,50.65,0.0,-0.12
1.45,1.94,11.39,9.0,0.95,5.73,4.97,486.8,112.2,0.88,227.48,10.39,63.53,50.85,0.0,0.18
3.45,2.94,13.87,9.0,0.6,5.73,4.24,480.35,129.0,0.85,214.55,10.94,65.29,52.29,43.0,4.0
3.84,5.51,12.1,9.0,0.6,3.08,4.13,458.05,106.77,0.8,186.89,11.21,66.54,52.98,30.0,4.0
4.78,3.19,11.85,9.0,0.96,5.73,4.49,537.02,163.02,0.94,270.09,10.76,65.48,51.86,0.0,-0.33
3.07,2.76,13.87,9.0,1.07,5.73,4.85,612.45,211.07,1.08,346.53,10.58,65.55,50.99,0.0,0.36
3.37,5.51,3.94,9.0,1.1,5.73,4.61,575.94,184.26,1.07,310.86,10.66,64.89,52.32,0.0,-0.14
2.34,1.78,12.3,9.0,0.95,3.96,4.83,584.07,182.05,0.99,321.35,10.12,64.8,49.05,0.0,0.74
2.34,5.06,15.0,9.0,1.71,5.73,4.49,531.26,118.69,0.95,268.79,10.59,64.16,51.62,0.0,-0.38
2.34,4.77,12.3,9.0,0.95,3.96,4.85,517.24,140.91,0.91,248.42,10.92,65.99,52.21,0.0,-0.29
2.87,2.91,12.32,9.0,1.9,7.16,4.56,565.27,135.76,0.99,305.59,10.2,63.69,49.55,0.0,0.23
2.34,4.6,12.3,9.0,0.95,3.96,4.42,538.31,155.06,0.97,269.48,10.97,65.81,52.66,0.0,-0.65
2.34,1.75,12.3,9.0,0.62,3.96,4.7,472.78,113.2,0.87,216.05,10.29,62.73,51.59,54.0,4.0
2.34,1.64,12.3,9.0,1.27,3.54,5.01,736.85,273.07,1.11,467.7,9.77,67.18,45.4,0.0,1.91
2.34,1.78,12.3,9.0,1.03,3.96,4.81,572.44,170.67,1.02,313.86,10.13,63.36,49.73,0.0,0.59
2.95,4.0,12.3,9.0,1.01,3.96,4.33,477.04,110.88,0.87,212.99,10.91,64.63,53.15,0.0,-0.92
2.36,4.85,12.3,9.0,1.17,6.71,4.9,512.54,128.77,0.91,243.95,10.98,65.72,52.72,0.0,-0.4
1.43,2.91,13.08,9.0,1.9,4.86,4.69,575.34,145.01,1.03,318.48,10.09,62.94,49.39,0.0,0.46
2.87,4.32,12.32,9.0,1.9,7.16,4.31,487.79,89.91,0.87,228.43,10.54,63.26,51.62,0.0,-0.61
2.4,2.3,12.32,9.0,0.85,5.78,4.74,554.67,172.27,0.98,291.2,10.56,64.66,50.9,0.0,0.14
2.87,2.91,12.32,9.0,0.63,6.57,4.29,462.27,112.11,0.82,196.53,10.93,65.22,52.27,45.0,4.0
2.87,5.4,12.32,9.0,1.43,5.73,4.24,499.01,111.47,0.89,233.77,10.86,64.86,52.79,0.0,-0.91
2.34,2.91,13.87,9.0,1.64,6.49,4.45,538.65,128.07,0.95,280.5,10.39,63.28,50.46,0.0,-0.11
2.34,4.76,6.99,9.0,1.35,4.13,4.3,479.53,100.3,0.88,219.77,10.68,63.44,52.63,0.0,-0.78
3.24,5.51,13.87,9.0,0.95,5.73,4.74,499.17,132.77,0.89,231.84,11.1,65.39,53.18,0.0,-0.63
2.34,5.54,5.13,9.0,0.95,3.92,4.63,491.44,118.33,0.87,222.29,10.94,65.85,52.28,0.0,-0.57
2.34,5.51,13.31,9.0,1.18,4.13,4.33,518.16,129.26,0.92,249.03,10.95,65.85,52.76,0.0,-0.82
2.34,2.24,13.87,9.0,1.94,5.73,5.03,808.1,286.36,1.18,533.82,9.89,68.58,45.06,0.0,1.95
2.34,5.51,6.99,9.0,0.95,4.39,4.28,469.79,105.67,0.87,204.87,11.06,64.77,54.0,0.0,-1.17
2.34,4.76,7.48,9.0,0.7,5.73,4.03,437.63,88.22,0.78,170.94,11.19,65.22,53.56,32.0,4.0
2.22,5.51,6.99,9.0,1.35,5.52,4.79,464.22,92.07,0.84,201.63,10.8,64.16,52.44,0.0,-0.49
3.36,5.33,8.14,9.0,0.92,5.73,4.15,439.72,87.22,0.81,174.39,11.15,64.92,53.79,0.0,-1.38
1.92,5.03,12.34,9.0,1.35,4.13,4.34,512.94,123.4,0.92,248.51,10.79,64.67,52.32,0.0,-0.69
3.42,1.74,13.87,9.0,1.73,5.73,5.44,803.72,314.41,1.22,534.2,9.71,66.99,45.99,0.0,2.38
1.69,5.51,13.87,9.0,0.95,4.82,4.15,485.46,117.84,0.86,215.74,11.17,65.97,52.98,0.0,-1.17
2.88,4.06,13.42,9.0,0.95,5.73,4.26,490.64,121.21,0.86,221.59,11.0,66.18,52.22,0.0,-0.88
3.61,5.51,7.71,9.0,0.95,5.73,4.12,447.84,88.81,0.78,178.94,11.15,65.76,53.39,0.0,-1.35
2.34,3.62,13.87,9.0,0.92,5.73,4.32,471.75,108.68,0.85,205.57,11.0,65.06,52.9,0.0,-0.96
2.34,5.51,13.87,9.0,1.79,5.73,4.31,507.8,105.41,0.92,245.9,10.62,63.97,51.9,0.0,-0.63
1.5,5.06,13.87,9.0,0.74,5.73,3.99,441.76,88.21,0.78,171.66,11.28,66.12,53.51,44.0,4.0
2.34,5.51,11.47,9.0,0.74,3.29,4.27,477.65,118.01,0.85,208.69,11.13,65.7,53.32,18.0,4.0
3.61,3.07,13.87,9.0,1.54,4.91,4.7,568.55,157.15,0.97,308.51,10.43,63.64,51.04,0.0,0.11
2.34,3.95,11.37,9.0,0.55,5.73,4.27,428.84,85.37,0.76,161.3,11.22,65.43,53.24,95.0,4.0
3.61,1.74,7.71,9.0,0.69,5.73,4.97,650.62,260.08,1.03,383.01,10.2,66.52,47.88,9.0,4.0
3.6,5.51,9.74,9.0,0.95,5.73,4.18,458.95,98.44,0.81,190.4,11.12,65.66,53.27,0.0,-1.23
3.61,4.61,6.71,9.0,0.95,6.94,4.64,516.13,144.15,0.93,249.13,10.95,65.29,52.98,0.0,-0.55
2.34,5.51,7.71,9.0,0.95,6.68,4.65,473.69,109.22,0.86,206.95,11.14,65.14,53.56,0.0,-0.87
1.61,1.92,13.87,9.0,0.98,7.87,4.73,565.85,169.29,0.98,301.85,10.42,65.14,50.04,0.0,0.31
3.61,2.23,7.71,9.0,0.95,2.43,4.86,605.12,202.7,1.02,346.2,10.03,63.54,49.24,0.0,0.88
3.61,3.07,13.87,9.0,1.54,4.91,4.7,568.55,157.15,0.97,308.51,10.43,63.64,51.04,0.0,0.11
2.16,5.53,11.18,9.0,0.86,3.36,4.29,474.74,113.33,0.87,208.81,11.1,65.01,53.65,0.0,-1.12
3.84,3.07,14.25,9.0,1.54,4.91,4.72,619.17,182.84,1.04,351.27,10.39,66.11,49.92,0.0,0.39
2.04,4.69,10.56,9.0,1.54,4.91,4.83,474.95,96.02,0.86,214.85,10.67,63.55,51.89,0.0,-0.29
3.61,4.4,13.87,9.0,1.54,2.05,4.37,512.07,112.65,0.93,257.58,10.29,62.15,51.07,0.0,-0.25
3.61,2.79,3.8,9.0,1.54,4.91,4.54,542.4,130.15,0.93,286.24,10.1,62.54,49.77,0.0,0.23
4.0,3.07,13.87,9.0,1.54,4.91,4.57,552.93,139.36,0.96,290.23,10.43,64.33,50.61,0.0,-0.01
3.61,3.07,8.99,9.0,1.54,4.91,4.76,622.96,187.06,1.05,357.92,10.28,65.09,49.87,0.0,0.51
2.34,5.51,7.77,9.0,0.95,5.73,4.09,454.51,93.67,0.81,186.92,11.13,65.42,53.23,0.0,-1.32
3.69,3.18,13.87,9.0,0.7,3.1,4.43,497.87,138.6,0.88,231.88,10.73,65.14,51.65,16.0,4.0
2.34,5.51,14.5,9.0,0.78,5.73,4.35,455.79,103.08,0.84,189.19,11.24,65.14,53.86,9.0,4.0
2.34,2.97,12.12,9.0,0.95,2.71,4.52,482.7,111.74,0.88,224.28,10.52,63.25,52.0,0.0,-0.39
2.34,4.68,13.87,9.0,0.95,6.61,4.84,505.57,133.65,0.9,238.02,11.05,65.49,53.15,0.0,-0.52
2.34,5.51,13.87,9.0,0.95,5.73,4.06,444.29,89.19,0.81,177.57,11.22,65.23,54.29,0.0,-1.55
2.34,4.73,13.87,9.0,1.42,5.73,4.49,538.38,135.18,0.97,273.13,10.81,64.84,52.75,0.0,-0.58
2.34,3.75,6.26,9.0,0.95,7.98,4.73,488.31,119.04,0.9,224.07,10.89,64.67,53.19,0.0,-0.57
1.8,4.27,10.14,9.0,0.95,5.73,4.13,461.7,98.87,0.84,195.61,11.1,65.07,53.5,0.0,-1.28
2.34,3.82,13.87,9.0,0.79,5.73,4.42,487.1,125.93,0.89,220.25,11.06,65.23,53.24,6.0,4.0
1.97,2.76,9.07,9.0,1.63,5.73,4.91,651.78,204.95,1.11,384.99,10.14,66.1,48.16,0.0,0.99
2.34,4.82,6.59,9.0,0.95,5.79,4.6,477.84,109.57,0.86,210.64,11.04,65.34,53.24,0.0,-0.81
2.34,2.69,13.87,9.0,0.95,5.73,4.54,541.18,157.79,1.0,277.98,10.7,64.45,52.19,0.0,-0.32
2.24,5.51,6.36,9.0,0.95,7.41,4.3,454.61,95.29,0.84,188.24,11.11,65.14,53.97,0.0,-1.23
2.34,2.41,13.87,9.0,0.95,5.89,4.58,477.58,109.66,0.89,217.01,10.63,63.78,52.54,0.0,-0.48
2.82,3.63,13.87,9.0,0.9,2.57,4.8,478.94,113.59,0.89,216.71,10.74,64.14,52.99,0.0,-0.42
2.34,5.51,13.87,9.0,0.95,2.64,4.46,536.9,156.35,0.97,269.92,10.91,65.26,52.75,0.0,-0.58
2.43,1.45,13.45,9.0,0.77,4.39,5.52,541.21,159.66,0.97,283.9,10.01,62.87,50.05,13.0,4.0
2.34,2.59,13.87,9.0,1.62,5.53,4.74,588.14,158.44,1.02,326.85,10.28,64.07,49.61,0.0,0.41
4.71,5.28,13.87,9.0,0.95,6.78,4.24,482.59,119.68,0.85,213.59,11.12,65.89,53.13,0.0,-1.08
4.15,3.42,9.04,9.0,0.67,5.73,4.89,567.12,208.87,1.08,301.61,10.8,64.9,53.29,36.0,4.0
2.34,4.7,13.87,9.0,0.65,5.73,4.19,443.87,95.12,0.8,174.93,11.24,65.77,53.28,56.0,4.0
4.99,3.66,14.7,9.0,1.53,5.73,4.5,566.51,150.57,0.99,299.91,10.56,65.38,51.22,0.0,-0.18
2.34,5.51,12.32,9.0,1.46,2.67,4.35,530.16,126.95,0.96,268.07,10.57,64.02,51.78,0.0,-0.46
3.78,4.64,13.87,9.0,0.95,2.64,4.29,457.27,96.21,0.82,192.26,10.93,64.78,53.28,0.0,-1.04
3.56,5.51,9.68,9.0,0.95,5.49,4.69,475.62,113.88,0.87,209.33,11.09,65.14,53.91,0.0,-0.83
3.98,5.51,13.87,9.0,0.88,2.64,4.28,454.48,98.38,0.82,189.64,11.03,64.68,53.41,0.0,-1.11
2.73,4.9,13.87,9.0,0.95,2.64,4.18,462.37,97.15,0.82,195.34,10.95,65.26,52.66,0.0,-1.06
2.34,5.51,13.87,9.0,1.78,2.64,4.7,498.76,100.42,0.88,238.93,10.37,63.38,50.88,0.0,-0.07
2.34,5.51,6.96,9.0,0.95,2.64,4.28,456.0,92.37,0.82,191.11,10.91,64.72,52.97,0.0,-1.01
2.34,1.56,13.87,9.0,1.69,5.14,5.33,663.75,197.19,1.06,402.65,9.66,64.79,46.23,0.0,1.81
2.34,4.25,13.87,9.0,0.95,2.64,4.51,492.85,120.86,0.9,229.11,10.85,64.44,53.32,0.0,-0.72
3.49,5.51,13.87,9.0,0.95,4.71,4.67,464.79,107.96,0.86,200.05,11.08,64.73,54.13,0.0,-0.89
2.54,1.46,13.87,9.0,0.95,3.69,4.85,598.06,191.54,1.01,338.16,9.87,64.04,47.98,0.0,1.08
2.34,5.43,11.51,9.0,0.87,5.49,4.62,466.88,106.34,0.84,197.71,11.18,65.85,53.34,0.0,-0.9
2.34,5.51,13.87,9.0,0.95,5.73,4.06,444.29,89.19,0.81,177.57,11.22,65.23,54.29,0.0,-1.55
1.38,5.51,13.68,9.0,1.44,5.45,4.47,521.37,143.17,0.93,256.47,10.86,64.72,52.54,0.0,-0.57
1.34,5.51,4.46,9.0,0.58,5.73,3.95,425.23,75.82,0.75,155.83,11.29,65.91,53.38,78.0,4.0
2.34,1.76,8.08,9.0,0.69,6.75,4.61,485.3,123.24,0.89,227.86,10.41,62.92,51.84,17.0,4.0
2.34,5.51,13.87,9.0,0.95,5.73,4.06,444.29,89.19,0.81,177.57,11.22,65.23,54.29,0.0,-1.55
2.34,2.07,13.87,9.0,1.04,3.04,5.21,598.26,185.56,1.0,333.05,10.15,65.47,48.68,0.0,1.08
2.93,5.51,14.97,9.0,1.68,5.73,4.43,549.58,136.01,1.0,288.01,10.63,63.95,51.87,0.0,-0.41
2.57,4.33,6.76,9.0,0.95,5.73,4.27,464.08,100.89,0.84,199.61,11.0,64.71,53.54,0.0,-1.11
3.37,5.51,13.87,9.0,0.95,5.97,4.16,454.44,94.54,0.81,185.01,11.17,65.97,53.47,0.0,-1.32
3.41,5.51,13.87,9.0,1.79,7.77,4.37,575.37,146.7,1.0,308.23,10.59,65.84,50.49,0.0,-0.22
4.32,3.77,6.67,9.0,0.95,5.73,4.34,508.79,132.22,0.89,239.74,10.85,65.92,52.02,0.0,-0.65
2.34,2.87,13.87,9.0,1.8,6.89,4.55,576.15,143.3,1.02,317.11,10.31,63.45,50.25,0.0,0.1
1.97,4.15,13.87,9.0,1.95,2.22,4.48,523.51,108.14,0.93,269.16,10.02,61.91,49.56,0.0,0.17
3.71,1.62,14.31,9.0,1.7,5.73,5.7,1229.62,627.91,1.39,934.48,9.34,75.18,40.51,0.0,4.76
2.34,3.97,13.87,9.0,1.08,5.73,4.38,512.28,129.55,0.9,243.72,10.93,65.78,52.41,0.0,-0.73
2.5,5.51,12.06,9.0,0.95,7.55,4.44,520.01,144.58,0.93,250.51,11.13,66.03,53.14,0.0,-0.83
2.34,5.16,6.65,9.0,1.41,5.73,4.47,504.99,113.33,0.92,242.81,10.74,64.02,52.66,0.0,-0.64
2.34,3.01,13.87,9.0,0.95,5.73,4.44,516.08,141.68,0.92,251.35,10.81,64.76,52.36,0.0,-0.55
2.34,3.07,13.87,9.0,0.95,3.57,4.45,474.39,106.25,0.86,211.51,10.75,64.33,52.41,0.0,-0.66
1.3,5.51,8.41,9.0,1.74,5.47,4.38,519.97,134.91,0.93,257.93,10.58,63.97,51.59,0.0,-0.39
2.19,1.66,13.87,9.0,0.95,7.0,5.04,573.08,180.55,1.03,314.11,10.22,63.58,49.96,0.0,0.73
2.34,3.97,13.87,9.0,1.08,3.97,4.42,506.44,125.8,0.91,240.99,10.86,64.94,52.64,0.0,-0.7
1.52,3.97,13.87,9.0,0.9,6.0,4.36,502.54,131.94,0.9,234.48,11.03,65.53,52.85,0.0,-0.85
2.34,3.97,13.87,9.0,1.55,5.73,4.54,581.79,156.88,1.02,315.28,10.59,65.36,51.24,0.0,-0.14
2.34,3.97,13.87,9.0,1.08,2.29,4.53,536.29,146.08,0.97,274.17,10.62,64.12,51.91,0.0,-0.29
2.34,3.97,14.19,9.0,1.08,5.73,4.8,635.24,219.95,1.05,361.35,10.85,67.96,49.79,0.0,0.33
1.26,3.97,13.87,9.0,1.15,6.4,4.41,506.86,127.22,0.93,242.74,10.96,64.54,53.3,0.0,-0.84
3.19,3.97,4.32,9.0,1.49,5.73,5.26,574.69,156.33,1.0,310.27,10.34,64.92,50.24,0.0,0.69
2.34,3.97,14.53,9.0,0.59,4.52,4.25,431.03,86.03,0.79,163.57,11.19,65.22,54.13,63.0,4.0
2.34,5.51,13.87,9.0,0.95,5.73,4.06,444.29,89.19,0.81,177.57,11.22,65.23,54.29,0.0,-1.55
1.29,5.51,13.87,9.0,0.95,5.73,4.31,486.17,123.65,0.88,217.36,11.19,65.83,53.34,0.0,-1.08
1.26,2.33,13.87,9.0,1.55,5.38,4.91,557.51,139.67,0.96,298.32,10.17,63.79,48.97,0.0,0.61
2.34,5.51,13.87,9.0,1.15,6.23,4.24,472.26,99.64,0.84,202.45,11.11,66.01,53.39,0.0,-1.19
3.34,5.51,13.87,9.0,1.73,4.89,4.5,556.65,138.95,1.01,294.38,10.54,64.1,51.62,0.0,-0.26
1.26,5.22,13.87,9.0,0.95,5.76,4.3,478.56,115.26,0.86,209.65,11.18,65.8,53.06,0.0,-1.08
2.34,2.08,9.69,9.0,0.95,3.84,4.5,495.36,120.74,0.89,238.13,10.33,63.02,51.01,0.0,-0.13
3.5,4.32,13.87,9.0,1.05,5.73,4.27,484.28,115.51,0.86,217.56,11.01,65.22,52.82,0.0,-0.97
3.1,2.08,11.51,9.0,0.71,7.54,4.82,627.85,243.96,1.08,361.0,10.52,66.0,49.52,19.0,4.0
2.34,5.51,13.87,9.0,0.95,5.73,4.06,444.29,89.19,0.81,177.57,11.22,65.23,54.29,0.0,-1.55
1.88,5.51,13.23,9.0,1.15,4.7,4.38,487.07,114.8,0.89,222.3,11.01,64.68,53.5,0.0,-0.97
2.24,3.97,9.36,9.0,1.06,5.89,4.38,472.15,101.31,0.84,204.95,10.96,65.34,52.83,1.0,4.0
2.34,5.51,5.08,9.0,0.61,5.73,4.04,427.39,80.13,0.77,160.18,11.26,65.28,54.21,37.0,4.0
3.41,2.37,13.87,9.0,1.53,2.67,5.07,735.53,263.97,1.15,467.47,9.86,66.64,46.5,0.0,1.73
2.34,5.51,13.87,9.0,0.95,6.65,4.39,496.39,127.61,0.89,227.02,11.18,65.9,53.33,0.0,-0.99
2.34,5.51,13.87,9.0,0.85,5.73,4.9,534.78,162.23,0.98,264.26,11.12,66.2,53.46,2.0,4.0
4.91,3.86,5.21,9.0,0.95,6.9,4.24,473.99,109.42,0.84,207.81,10.89,65.1,52.54,0.0,-0.91
4.09,5.51,13.87,9.0,0.89,3.11,4.48,477.63,113.55,0.85,209.95,11.02,65.34,53.1,0.0,-0.85
2.74,2.39,13.87,9.0,0.95,3.16,4.58,522.93,142.71,0.94,264.04,10.4,63.36,51.31,0.0,-0.06
2.34,2.37,13.87,9.0,1.28,5.85,4.75,615.56,192.39,1.07,351.6,10.42,64.98,49.97,0.0,0.43
3.31,3.41,14.51,9.0,0.95,4.06,4.26,464.27,104.16,0.84,201.17,10.86,64.38,52.74,0.0,-0.92
2.34,5.51,12.21,9.0,1.47,6.8,4.54,553.67,145.9,0.98,286.92,10.78,65.28,51.85,0.0,-0.38
2.34,5.51,13.87,9.0,0.95,2.52,4.45,501.68,125.05,0.89,232.99,10.93,65.72,52.65,0.0,-0.72
4.58,2.81,4.97,9.0,1.0,7.19,4.68,606.12,209.9,1.06,338.25,10.45,65.94,50.57,0.0,0.36
2.34,4.01,10.41,9.0,1.36,5.73,4.67,492.44,107.9,0.89,229.48,10.72,64.29,51.97,0.0,-0.41
2.55,5.51,13.87,9.0,0.95,5.73,4.41,460.04,98.1,0.8,188.93,11.17,66.71,52.61,0.0,-1.01
1.28,5.51,6.24,9.0,1.1,5.73,4.18,447.28,89.57,0.8,180.69,11.03,65.11,53.08,0.0,-1.19
2.34,5.51,13.87,9.0,0.95,4.01,4.9,495.7,124.85,0.89,227.03,11.07,65.73,53.26,0.0,-0.53
3.44,1.52,13.87,9.0,0.72,3.44,5.0,646.68,244.87,1.04,382.54,9.95,65.35,47.7,28.0,4.0
2.34,1.92,13.87,9.0,1.49,3.29,4.71,588.17,155.01,0.97,325.93,9.92,64.63,48.02,0.0,0.78
3.52,5.51,13.96,9.0,0.95,5.73,4.27,470.2,111.71,0.86,204.16,11.17,65.1,54.35,0.0,-1.27
4.64,5.51,13.87,9.0,0.95,5.73,4.23,476.19,113.4,0.85,207.14,11.12,65.91,53.34,0.0,-1.14
3.44,2.6,13.77,9.0,0.5,3.44,4.51,474.17,124.95,0.86,212.2,10.7,64.18,52.2,71.0,4.0
3.44,5.44,13.87,9.0,0.72,5.34,4.26,449.97,103.04,0.8,182.83,11.24,65.33,54.0,8.0,4.0
2.79,1.52,12.5,9.0,1.02,3.44,5.56,792.3,339.63,1.13,518.5,9.77,68.39,44.83,0.0,2.68
3.44,2.51,13.77,9.0,0.72,3.44,4.54,491.44,133.08,0.89,231.22,10.56,63.75,51.96,8.0,4.0
3.44,3.74,11.7,9.0,0.72,2.52,4.54,506.85,144.5,0.91,242.52,10.76,64.57,52.41,8.0,4.0
2.01,4.42,13.87,9.0,1.7,5.59,4.87,523.8,114.79,0.93,259.34,10.58,64.72,51.56,0.0,-0.09
1.43,5.41,13.87,9.0,0.72,3.44,4.11,436.15,86.86,0.8,170.08,11.24,65.04,54.42,47.0,4.0
4.11,2.66,10.77,9.0,0.72,3.44,4.76,572.6,202.52,1.03,309.51,10.48,64.47,51.15,7.0,4.0
4.01,5.51,7.02,9.0,0.92,2.95,4.42,517.75,140.87,0.92,250.62,10.87,65.3,52.9,0.0,-0.67
2.34,5.14,5.99,9.0,1.0,5.73,4.35,500.94,125.83,0.91,234.33,10.98,65.19,53.53,0.0,-0.93
3.35,1.78,11.06,9.0,1.76,6.93,5.66,757.92,281.15,1.19,492.08,9.71,66.05,46.57,0.0,2.35
2.34,5.51,7.04,9.0,0.89,3.34,4.17,486.3,115.27,0.86,217.58,11.02,65.76,52.84,0.0,-1.06
2.34,5.51,13.87,9.0,0.95,5.73,4.06,444.29,89.19,0.81,177.57,11.22,65.23,54.29,0.0,-1.55
2.34,5.51,13.87,9.0,1.98,7.14,4.29,522.38,114.42,0.93,259.82,10.52,64.16,51.24,0.0,-0.47
2.34,5.51,6.34,9.0,0.95,5.88,4.1,455.49,95.74,0.84,190.18,11.12,64.89,53.97,0.0,-1.39
4.39,5.51,13.87,9.0,1.49,5.73,4.27,496.94,107.8,0.9,233.3,10.8,64.48,52.87,0.0,-0.88
2.34,2.31,5.99,9.0,0.94,6.23,4.81,486.23,115.33,0.89,228.04,10.48,63.25,51.8,0.0,-0.1
2.34,1.95,5.99,9.0,1.0,5.73,4.53,545.26,152.5,0.96,286.01,10.22,63.54,49.76,0.0,0.24
2.34,5.14,5.99,9.0,0.75,5.73,4.02,448.07,93.09,0.8,180.74,11.12,65.49,52.94,14.0,4.0
3.32,2.22,14.93,9.0,1.53,7.09,5.37,714.16,255.27,1.11,442.07,10.17,67.72,47.31,0.0,1.64
2.34,5.14,5.99,9.0,1.85,3.46,4.24,513.56,99.41,0.91,256.04,10.28,62.71,50.52,0.0,-0.33
2.19,3.55,14.93,9.0,1.0,5.73,4.6,519.15,141.99,0.95,253.77,10.93,64.94,53.54,0.0,-0.64
2.34,5.1,3.76,9.0,1.0,5.73,4.09,475.9,103.93,0.85,209.41,10.92,65.22,52.44,0.0,-1.06
3.07,5.14,11.48,9.0,1.94,5.73,4.27,482.09,87.49,0.88,225.72,10.47,62.48,51.75,0.0,-0.62
3.77,2.31,13.87,9.0,0.95,2.07,4.69,567.42,177.26,1.0,308.9,10.06,63.49,49.36,0.0,0.61
2.34,5.51,5.99,9.0,0.94,5.73,4.38,482.61,116.78,0.89,216.34,11.07,65.1,53.93,0.0,-1.05
2.34,2.31,7.45,9.0,0.94,6.23,4.82,470.04,102.03,0.84,209.01,10.54,63.87,51.48,0.0,-0.15
4.29,4.57,13.87,9.0,0.94,6.08,4.45,460.17,101.66,0.82,191.66,11.07,65.78,52.9,0.0,-0.93
2.34,3.07,12.12,9.0,0.94,6.23,4.69,569.2,178.56,1.01,301.56,10.76,65.73,51.54,0.0,-0.07
1.8,3.72,5.99,9.0,0.94,6.03,4.18,462.91,98.04,0.83,198.06,10.92,64.82,52.8,0.0,-1.05
2.34,2.31,13.87,9.0,0.95,6.9,4.82,536.7,156.1,0.99,275.48,10.61,63.97,52.37,0.0,-0.07
3.98,2.96,5.99,9.0,0.94,5.75,4.51,526.62,152.22,0.96,266.07,10.63,63.82,52.08,0.0,-0.31
1.29,2.31,7.85,9.0,0.94,6.67,4.42,479.35,109.54,0.88,220.94,10.53,63.21,51.75,0.0,-0.45
2.34,4.43,7.45,9.0,0.94,6.23,4.09,443.93,87.51,0.81,179.96,11.06,64.54,53.88,0.0,-1.38
2.34,5.27,7.45,9.0,1.91,6.6,4.41,570.77,138.19,0.99,306.89,10.42,64.68,50.45,0.0,-0.12
2.4,2.31,7.45,9.0,0.94,6.23,4.67,470.2,103.88,0.85,210.53,10.53,63.58,51.3,0.0,-0.23
3.48,2.31,4.08,9.0,0.94,6.23,4.76,567.55,181.11,1.0,308.95,10.3,63.33,50.63,0.0,0.38
2.34,2.31,13.48,9.0,1.82,2.21,4.62,615.06,157.25,1.01,357.62,9.69,63.1,47.07,0.0,0.98
2.34,2.31,7.45,9.0,1.01,7.66,4.53,536.51,150.78,0.97,277.56,10.5,63.42,51.8,0.0,-0.18
2.69,3.45,7.45,9.0,1.83,6.08,4.27,528.8,110.34,0.92,268.73,10.3,63.56,50.38,0.0,-0.26
2.34,5.55,7.45,9.0,0.81,7.66,4.25,468.03,109.52,0.85,199.23,11.25,65.68,53.66,3.0,4.0
3.08,5.75,9.9,9.0,0.58,2.03,4.3,460.99,107.62,0.81,193.15,11.08,65.48,52.99,54.0,4.0
2.34,2.87,7.45,9.0,1.85,7.66,4.53,610.06,155.91,1.03,346.82,10.17,64.69,49.11,0.0,0.36
3.37,5.1,7.45,9.0,1.01,5.95,4.44,465.68,100.5,0.82,197.74,11.04,65.59,52.85,0.0,-0.92
1.35,2.31,11.46,9.0,1.01,7.66,4.54,497.91,125.35,0.93,241.08,10.56,62.94,52.27,0.0,-0.37
2.34,2.31,8.06,9.0,1.01,4.38,4.74,546.57,156.77,0.98,288.64,10.36,63.17,50.82,0.0,0.21
2.34,2.31,8.62,9.0,1.01,2.61,4.75,634.15,215.31,1.05,369.23,10.11,65.29,48.53,0.0,0.89
2.7,2.31,7.45,9.0,1.01,2.36,4.59,538.41,147.42,0.97,283.02,10.06,62.4,50.52,0.0,0.28
2.3,5.51,13.87,9.0,1.22,3.85,4.41,509.61,122.88,0.91,242.35,10.91,65.39,52.7,0.0,-0.75
2.34,5.51,13.87,9.0,1.83,6.74,4.53,529.98,121.85,0.95,268.11,10.6,63.9,51.93,0.0,-0.38
4.08,5.76,5.78,9.0,0.95,4.61,4.24,466.78,105.59,0.85,202.29,11.01,64.59,53.58,0.0,-1.12
2.34,5.56,3.86,9.0,0.94,7.85,4.22,470.65,107.3,0.87,206.42,11.05,64.65,53.89,0.0,-1.19
3.66,1.72,7.76,9.0,0.95,5.73,5.15,609.22,214.47,1.04,350.49,10.05,63.81,49.27,0.0,1.14
2.34,5.51,13.87,9.0,0.95,2.47,4.45,496.99,126.82,0.9,232.42,10.93,64.72,53.05,0.0,-0.76
4.42,5.51,13.87,9.0,0.95,5.73,4.22,489.38,124.48,0.87,219.98,11.1,65.9,53.14,0.0,-1.06
2.46,4.09,13.87,9.0,1.45,7.62,4.38,501.35,110.61,0.91,237.45,10.81,64.54,52.57,0.0,-0.75
3.48,5.51,14.91,9.0,0.95,4.08,4.23,461.0,100.5,0.82,192.44,11.11,65.73,53.15,0.0,-1.16
4.51,5.51,5.02,9.0,0.67,7.09,4.26,490.0,133.7,0.87,220.56,11.17,65.91,53.45,33.0,4.0
2.34,3.41,13.87,9.0,1.32,5.73,4.4,510.52,120.81,0.92,249.58,10.69,63.84,51.88,0.0,-0.54
3.49,3.17,5.4,9.0,0.95,5.73,4.39,486.57,118.62,0.87,225.35,10.67,63.95,52.11,0.0,-0.57
2.7,3.44,13.87,9.0,1.1,6.02,4.66,550.46,159.44,1.0,284.74,10.84,65.0,52.63,0.0,-0.36
4.42,5.51,6.29,9.0,1.96,6.63,4.3,537.4,114.57,0.96,280.43,10.32,62.63,51.03,0.0,-0.31
2.41,5.51,13.87,9.0,0.82,5.73,4.24,489.1,125.32,0.88,218.86,11.22,66.38,53.26,6.0,4.0
4.42,3.08,13.87,9.0,1.03,5.73,4.75,660.29,248.81,1.07,385.62,10.61,68.36,49.02,0.0,0.66
2.7,4.86,13.87,9.0,1.91,6.35,4.48,562.82,136.95,0.98,299.3,10.43,64.58,50.62,0.0,-0.1
4.51,3.44,8.52,9.0,1.87,6.16,4.8,666.87,202.02,1.08,401.73,10.16,65.36,48.34,0.0,0.86
2.7,3.44,13.87,9.0,1.1,5.16,4.53,503.89,125.65,0.91,239.03,10.83,64.81,52.97,0.0,-0.63
2.79,3.44,13.87,9.0,1.1,4.77,4.5,489.16,116.47,0.9,226.76,10.83,64.24,53.4,0.0,-0.74
2.64,2.18,13.87,9.0,1.19,4.69,4.75,575.9,170.31,1.01,313.59,10.3,64.62,50.0,0.0,0.41
2.7,3.44,4.4,9.0,1.1,7.58,4.23,464.29,92.95,0.83,200.18,10.76,64.62,52.01,0.0,-0.84
1.64,3.44,13.87,9.0,1.1,6.14,4.71,547.15,154.46,0.97,279.38,10.81,65.79,51.64,0.0,-0.2
4.26,3.44,13.87,9.0,1.41,7.03,4.77,646.94,213.94,1.06,375.68,10.59,67.37,49.67,0.0,0.46
3.18,5.51,5.2,9.0,0.95,5.73,4.25,519.81,145.39,0.94,252.26,10.95,65.45,52.74,0.0,-0.81
1.62,5.51,13.55,9.0,0.7,5.79,4.58,438.81,88.23,0.79,169.7,11.28,65.8,53.56,41.0,4.0
1.4,1.63,13.87,9.0,0.95,5.73,4.64,576.4,175.93,0.95,311.87,10.2,65.66,48.13,0.0,0.63
2.34,5.51,11.92,9.0,0.89,5.86,4.39,472.9,113.04,0.88,206.49,11.22,65.16,54.44,0.0,-1.21
4.42,5.51,13.87,9.0,1.76,5.73,4.39,533.25,121.86,0.94,269.58,10.58,64.49,51.75,0.0,-0.46
2.26,5.51,8.43,9.0,1.42,5.73,4.18,486.54,104.99,0.88,224.45,10.8,64.07,52.74,0.0,-0.94
2.34,5.51,14.29,9.0,0.95,5.65,4.1,466.09,102.29,0.83,195.93,11.17,66.15,53.13,0.0,-1.29
2.34,5.51,13.87,9.0,0.95,5.73,4.06,444.29,89.19,0.81,177.57,11.22,65.23,54.29,0.0,-1.55
2.03,1.46,10.01,9.0,0.95,5.73,4.95,548.29,155.43,0.99,292.85,10.0,62.48,50.09,0.0,0.68
4.75,5.51,7.6,9.0,0.95,3.6,4.2,499.88,126.8,0.88,230.63,10.94,65.95,52.33,0.0,-0.87
1.67,5.51,13.87,9.0,1.36,7.55,4.51,502.42,124.99,0.93,238.3,10.96,64.51,53.55,0.0,-0.8
1.86,5.51,13.87,9.0,1.45,5.73,4.45,523.49,133.55,0.94,260.17,10.81,64.35,52.39,0.0,-0.58
2.34,3.0,4.15,9.0,1.48,5.73,4.23,495.12,101.31,0.88,239.2,10.28,62.49,50.14,0.0,-0.29
3.74,2.48,13.87,9.0,1.41,5.73,4.55,521.25,127.25,0.92,261.04,10.43,63.75,50.85,0.0,-0.11
3.79,5.46,13.87,9.0,0.64,3.56,4.6,466.77,117.9,0.85,197.86,11.18,65.62,53.59,27.0,4.0
2.34,5.51,13.87,9.0,1.82,5.73,4.3,525.0,115.34,0.92,261.21,10.58,64.49,51.18,0.0,-0.48
2.41,2.98,12.63,9.0,0.95,5.73,4.57,504.29,129.72,0.9,238.72,10.86,65.06,52.53,0.0,-0.55
4.15,3.09,13.87,9.0,0.95,7.18,4.32,499.71,133.12,0.88,234.49,10.86,65.02,52.08,0.0,-0.68
2.34,5.51,8.34,9.0,1.54,6.79,4.3,514.69,114.2,0.92,250.08,10.74,64.74,51.85,0.0,-0.67
2.34,5.51,13.87,9.0,0.95,5.73,4.06,444.29,89.19,0.81,177.57,11.22,65.23,54.29,0.0,-1.55
2.36,5.17,13.87,9.0,1.44,3.11,4.45,533.84,129.65,0.96,271.45,10.68,64.05,52.09,0.0,-0.48
2.34,2.08,9.31,9.0,1.31,6.66,4.7,577.64,163.35,0.99,315.2,10.19,64.67,49.23,0.0,0.5
4.46,5.51,6.57,9.0,0.95,5.73,4.13,461.52,99.58,0.83,193.4,11.09,65.58,53.29,0.0,-1.25
4.35,5.51,13.87,9.0,0.99,5.73,4.4,463.7,100.42,0.81,192.03,11.13,66.79,52.47,0.0,-0.96
4.91,3.4,13.87,9.0,1.66,5.73,4.72,621.01,182.05,1.03,353.57,10.41,65.78,49.99,0.0,0.37
2.7,5.03,6.65,9.0,0.65,5.73,4.18,450.09,99.37,0.8,181.29,11.17,65.81,53.0,37.0,4.0
2.34,3.84,5.49,9.0,0.95,5.73,4.34,509.83,132.01,0.91,243.29,10.85,65.22,52.45,0.0,-0.7
2.91,5.03,7.41,9.0,0.95,5.73,4.25,478.42,114.93,0.86,212.01,11.04,65.13,53.31,0.0,-1.06
3.39,5.51,8.38,9.0,0.95,5.73,4.29,492.62,123.32,0.87,223.98,11.08,65.74,53.09,0.0,-1.0
1.93,5.51,13.87,9.0,0.95,7.17,4.4,454.86,97.11,0.83,187.36,11.19,65.4,53.76,0.0,-1.17
2.92,3.52,13.87,9.0,0.88,4.46,4.42,504.41,136.1,0.91,238.78,10.89,64.96,52.69,0.0,-0.68
2.34,4.13,13.87,9.0,0.95,4.1,4.24,449.88,93.67,0.82,186.62,11.0,64.35,53.56,0.0,-1.16
3.33,4.13,13.87,9.0,1.42,5.73,4.58,559.99,151.59,1.01,293.09,10.72,65.32,52.38,0.0,-0.35
3.83,5.17,13.87,9.0,0.95,4.55,5.29,747.16,349.15,1.29,476.86,10.66,66.99,51.48,0.0,1.17
2.34,3.69,13.87,9.0,1.51,5.73,4.56,551.3,135.98,0.96,285.54,10.6,65.24,50.8,0.0,-0.16
2.34,2.0,14.04,9.0,1.47,4.88,4.66,540.62,132.75,0.95,283.09,10.11,63.12,49.35,0.0,0.38
2.34,5.51,13.87,9.0,1.4,5.73,4.17,481.94,100.19,0.87,217.32,10.93,64.72,53.01,0.0,-1.08
2.44,4.13,5.97,9.0,1.02,5.28,4.18,470.0,100.92,0.85,205.64,10.88,64.68,52.66,0.0,-1.0
2.3,3.01,13.87,9.0,0.65,5.73,4.44,455.43,103.62,0.83,190.27,10.95,64.78,52.94,54.0,4.0
2.34,4.13,13.87,9.0,1.28,5.22,4.4,500.76,114.24,0.9,235.35,10.84,64.89,52.47,0.0,-0.73
2.34,5.51,5.44,9.0,0.93,7.45,4.94,525.19,149.68,0.96,256.96,10.99,65.64,53.07,0.0,-0.33
2.34,2.46,12.96,9.0,0.95,5.73,4.7,505.4,131.34,0.93,244.57,10.64,63.88,52.49,0.0,-0.3
2.34,5.51,13.78,9.0,0.95,3.22,4.25,466.69,103.22,0.83,200.61,11.05,65.05,53.04,0.0,-1.09
2.6,5.51,13.87,9.0,1.2,5.59,4.33,483.05,104.67,0.86,214.67,11.1,65.67,53.5,0.0,-1.1
2.34,5.11,10.0,9.0,1.6,5.73,4.2,468.64,88.99,0.86,208.61,10.69,63.51,52.59,0.0,-0.91
3.85,5.51,13.87,9.0,0.95,7.5,4.32,504.27,138.37,0.91,236.77,11.13,65.4,53.67,0.0,-1.01
2.46,4.25,13.16,9.0,1.02,5.73,4.67,571.78,178.37,1.04,301.84,10.91,66.46,52.09,0.0,-0.25
2.44,4.13,7.69,9.0,0.96,5.58,4.28,490.3,117.81,0.88,222.41,10.93,65.61,52.3,0.0,-0.84
4.09,3.14,10.4,9.0,0.95,5.41,4.83,599.84,214.27,1.08,332.68,10.62,65.86,51.49,0.0,0.27
2.34,3.44,13.87,9.0,0.95,3.02,4.54,519.68,138.51,0.94,255.44,10.76,64.69,52.61,0.0,-0.48
2.15,5.51,13.87,9.0,1.73,5.73,4.38,505.51,108.16,0.9,242.26,10.69,64.38,51.76,0.0,-0.59
1.76,4.67,6.5,9.0,0.95,5.73,4.38,504.47,130.56,0.91,237.02,11.0,65.4,53.32,0.0,-0.87
2.35,5.51,6.16,9.0,1.96,5.73,4.37,552.62,134.47,0.96,291.29,10.31,64.05,50.08,0.0,-0.05
3.48,5.51,13.87,9.0,1.5,5.73,4.21,510.62,118.6,0.93,247.21,10.79,64.45,52.56,0.0,-0.84
2.34,5.51,13.87,9.0,1.49,5.73,4.72,599.28,174.02,1.04,329.77,10.76,66.18,51.57,0.0,-0.07
2.04,3.68,13.87,9.0,0.95,5.73,4.53,488.0,121.05,0.9,222.73,10.98,64.88,53.63,0.0,-0.82
2.34,5.44,13.87,9.0,0.95,5.73,4.06,464.42,102.42,0.83,196.15,11.15,65.64,53.06,0.0,-1.3
2.34,5.51,11.71,9.0,0.95,6.38,4.15,452.53,94.57,0.82,184.37,11.2,65.6,53.47,0.0,-1.34
1.34,5.63,12.85,9.0,0.95,5.73,4.13,460.95,103.36,0.82,192.24,11.16,65.74,52.83,0.0,-1.22
2.34,1.51,12.56,9.0,1.64,5.73,4.93,622.92,178.25,1.03,365.81,9.68,63.48,47.01,0.0,1.32
2.34,2.08,13.87,9.0,0.95,5.31,4.74,558.01,167.71,1.0,296.29,10.44,64.22,51.09,0.0,0.17
3.59,5.51,13.87,9.0,0.95,5.73,4.3,457.53,100.95,0.83,190.6,11.19,65.2,54.0,0.0,-1.26
2.0,2.7,13.87,9.0,0.95,2.67,4.62,516.6,136.49,0.94,257.49,10.45,63.43,51.78,0.0,-0.14
3.48,5.51,9.18,9.0,0.95,7.78,5.16,628.1,243.52,1.14,357.25,10.87,67.09,52.07,0.0,0.43
3.48,5.67,9.84,9.0,1.65,7.78,4.27,511.11,113.01,0.91,247.27,10.71,64.56,51.99,0.0,-0.69
2.31,5.51,9.18,9.0,1.76,7.78,4.65,570.98,151.5,1.05,308.29,10.52,64.21,51.48,0.0,-0.06
4.46,5.07,11.57,9.0,0.51,7.29,4.11,433.74,97.1,0.78,164.19,11.37,66.11,53.86,79.0,4.0
3.48,5.49,9.18,9.0,0.95,7.78,4.37,497.86,129.35,0.9,228.14,11.13,65.98,53.52,0.0,-0.99
2.05,5.51,7.2,9.0,0.95,5.21,4.22,501.34,127.88,0.89,231.39,11.03,66.23,52.37,0.0,-0.92
3.48,5.51,5.91,9.0,1.83,7.78,4.17,488.53,92.8,0.87,229.19,10.49,63.27,51.4,0.0,-0.65
3.48,4.52,9.17,9.0,1.25,3.77,4.3,493.11,113.44,0.89,230.51,10.74,64.25,52.17,0.0,-0.71
2.74,5.51,9.18,9.0,0.97,7.78,4.07,471.27,105.48,0.83,201.16,11.17,66.15,53.04,0.0,-1.29
3.48,5.67,5.0,9.0,0.71,5.09,4.27,479.91,120.17,0.85,210.37,11.13,65.93,52.95,23.0,4.0
2.76,3.0,9.84,9.0,1.65,7.78,4.62,581.55,154.8,1.01,317.63,10.36,64.88,49.72,0.0,0.24
3.48,2.83,9.84,9.0,1.47,7.78,4.84,622.8,193.27,1.04,356.25,10.43,65.77,50.12,0.0,0.48
3.48,2.38,5.52,9.0,1.65,3.92,4.72,597.78,161.8,1.0,340.4,9.91,63.11,48.58,0.0,0.76
3.48,5.67,9.84,9.0,1.65,7.78,4.27,511.11,113.01,0.91,247.27,10.71,64.56,51.99,0.0,-0.69
4.21,3.01,7.44,9.0,1.65,4.64,5.68,723.8,256.53,1.15,456.98,10.02,66.11,47.79,0.0,1.92
3.48,5.67,14.86,9.0,1.2,5.06,4.25,483.68,109.31,0.85,214.02,11.01,66.08,52.77,0.0,-1.0
2.87,5.67,9.84,9.0,1.03,7.78,4.16,480.87,112.99,0.84,210.21,11.12,66.37,52.85,0.0,-1.14
